73.97239
52.31939
7.307259
50.37943
49.76428
8.993809
40.86885
76.16953
71.92948
23.58797
9.55241
63.124
36.87585
49.16255
40.10198
29.45865
31.29411
71.08203
13.54464
19.86621
36.86355
38.29372
43.15264
11.65066
57.44285
20.49466
62.27451
22.90854
71.41877
10.78279
50.61819
46.66175
5.215387
43.87172
8.635215
61.83974
32.02226
22.67633
61.91073
1.937873
68.01316
70.59981
73.90873
68.64232
10.94241
50.41547
32.44422
45.59986
45.43954
32.84582
76.51337
61.19446
12.42388
50.51158
79.46802
20.27541
45.50412
55.48592
48.19629
0.7212839
44.02249
52.31369
33.95148
0.9204223
40.45196
37.9448
73.88896
22.66821
56.35095
7.720711
11.52887
70.02976
10.99666
13.92084
64.23731
8.385394
53.73217
14.19044
7.61854
48.80211
71.23783
19.47329
10.67785
74.34908
70.6536
49.35774
73.66376
52.96596
47.87005
48.8818
15.32155
58.39612
40.05865
79.1622
37.51646
15.59634
15.53676
2.405009
4.150953
63.83935
36.64198
59.39783
64.04527
44.65265
55.20053
0.1692511
57.74688
24.53259
2.444853
65.57416
55.69706
56.35779
55.1019
21.00819
61.20749
58.22719
50.69172
6.310151
53.22705
56.25148
13.25321
47.39916
52.81821
6.917599
15.07691
43.80294
54.38922
78.45292
62.58535
44.97718
65.90962
49.386
63.36641
3.216159
19.58441
4.996176
10.58035
73.62302
56.12585
76.14435
20.07653
50.54814
40.38632
35.34241
76.20518
38.34896
34.66344
26.46019
33.03372
7.728121
10.56403
37.83304
28.26378
22.54034
73.5122
30.33965
63.98506
47.56634
57.43683
14.8785
15.10001
77.9251
28.46875
21.2241
30.97784
21.38503
19.1401
46.09889
52.51271
24.20411
64.56843
76.82973
64.19592
4.811375
1.10173
71.94661
74.89646
65.4518
5.349696
28.97333
79.90775
76.37143
36.7966
52.85961
51.92478
35.59408
68.18352
67.37606
20.3734
53.59009
3.826557
61.8604
35.68355
72.73374
48.37187
63.46141
44.34949
34.43708
71.23535
40.67491
61.89233
40.49752
70.33234
8.345278
60.79665
77.3161
43.50147
33.50886
22.06558
78.49356
48.62489
38.0985
79.34778
72.88401
16.36803
77.17277
52.80632
64.55967
72.80258
1.431175
77.83989
18.77264
9.869958
50.93369
3.666382
37.95047
44.43261
20.3761
11.87958
69.14273
61.58224
28.04177
43.91213
53.69839
56.9775
32.04719
74.2811
17.34796
59.69667
59.6824
55.2761
50.80176
23.61095
71.26073
71.98584
25.22733
55.38782
2.385716
71.31646
67.49471
49.16133
34.67177
37.78699
37.62134
40.48962
31.55221
58.3422
16.29159
28.21927
9.817961
27.59253
9.914698
69.17752
72.77681
34.50767
47.38448
47.09869
43.16154
33.75789
6.0851
52.60606
74.70599
33.59415
41.73068
58.39827
50.05726
11.7264
77.14962
79.54034
15.45043
64.98821
36.09404
48.56377
75.93819
61.17252
39.93152
60.6386
73.28673
62.7176
36.97615
30.83532
32.72706
37.40749
3.329615
51.00569
7.034435
57.56971
74.31909
39.29623
51.83934
65.40738
54.24179
50.35207
13.13
6.202576
71.96802
6.681263
64.8706
71.06861
49.61534
60.54712
74.77746
6.333956
32.32822
54.0131
13.53865
22.93257
42.72485
24.00975
71.06146
1.600736
58.15488
4.063238
15.19309
59.87404
62.70403
29.75403
24.19164
9.644699
61.86214
30.75173
47.99414
41.01068
31.12801
20.85511
3.107436
41.98352
31.59269
4.727125
79.47512
27.00269
43.22616
22.88858
78.41319
63.09361
21.87215
43.98513
23.6383
22.20179
35.80228
47.27278
72.52436
30.3466
72.16626
34.16658
17.72824
0.4873849
69.52293
45.67763
56.32716
49.61416
78.5766
78.43765
38.0727
50.98755
59.38372
61.50136
21.44631
75.60913
13.43556
9.043493
50.64522
7.391503
40.27944
24.49948
53.36237
15.97854
10.82348
61.28153
6.336452
50.19357
43.58823
13.84171
56.96546
18.26712
46.84343
31.2729
50.13783
40.01525
73.61191
46.15251
46.59386
48.05265
36.42049
42.24479
37.92508
58.24042
33.86446
57.22704
28.32932
53.3814
55.13638
37.54698
45.87888
38.14891
17.81219
72.15365
44.73677
14.39602
19.66262
49.56871
22.50712
3.72645
43.53106
54.75861
31.21512
31.42969
76.9636
23.81624
62.07298
52.67504
66.60137
20.53761
72.08984
2.270424
24.02095
28.19005
65.87149
46.76348
27.31718
42.32103
42.28084
60.32209
26.92793
56.17611
36.19713
61.1856
58.9835
58.9152
18.18193
18.50071
22.89304
41.38754
25.60682
8.788429
69.14835
56.13147
31.80061
37.16481
62.64512
15.84912
42.12466
42.80781
77.21662
5.072224
11.48772
47.72283
17.01422
56.89228
32.82011
26.45271
15.88854
38.16187
29.93947
4.030821
70.28754
13.0085
23.7459
57.79417
70.96241
42.80145
1.845423
38.92519
66.13407
5.705744
46.30665
71.24213
58.07888
45.78214
79.65033
65.36478
51.05525
39.42728
43.67343
2.762659
71.14599
48.62249
45.47831
55.94614
47.16518
76.70383
57.73557
30.02601
36.97122
5.294007
5.24279
48.80365
43.81202
48.29278
42.08395
0.8480124
75.09572
72.19384
76.3056
20.2253
51.33651
75.04272
72.43208
65.18109
77.73396
45.95497
60.72241
54.24584
74.2352
10.72261
66.61162
47.96179
9.740565
1.866921
22.57743
70.55214
30.61599
33.82296
25.62274
14.68243
45.4129
7.543685
21.45279
49.95215
77.42574
52.3283
18.79094
16.53732
44.06605
78.19077
60.28972
27.61842
28.97172
41.5068
72.01792
17.08282
52.7587
36.20845
8.500962
2.653266
30.63704
3.160833
69.6479
37.87147
52.04872
24.63155
6.27857
58.15982
17.69797
52.12608
29.17264
4.790775
32.64417
5.384838
14.94716
68.52715
6.579254
54.29524
12.56521
68.58743
48.27361
37.47136
61.48517
74.86734
68.90075
15.8855
21.85346
30.38479
13.18279
60.78597
54.49283
24.66091
5.424381
14.76495
61.74273
15.22384
47.95615
66.98942
24.31566
11.31831
44.53638
46.46274
11.63897
53.7069
18.00229
0.6980641
16.97542
76.70871
51.40923
40.56303
78.19076
35.36347
56.57363
44.207
2.743675
72.08374
50.23663
58.90307
17.96473
50.89876
27.95693
52.56003
49.20757
65.75914
54.63587
72.05044
66.10499
61.67311
19.40882
27.47363
22.97836
12.29073
13.77212
12.99957
50.8354
30.64713
60.25888
41.26169
29.89342
37.37178
21.23249
31.24936
49.4087
36.69674
50.15694
26.52678
62.65119
60.632
78.43495
65.84378
11.85272
3.441217
67.05913
19.59485
27.82521
21.9603
5.995887
31.22619
72.56176
50.76827
55.03389
63.85022
53.50443
5.11802
71.29187
14.72833
19.89009
15.33273
66.61799
73.12215
60.94625
41.22424
43.52313
10.93316
34.05642
69.16754
13.92659
74.07262
51.68466
49.77586
44.58247
77.68271
30.83972
70.5597
70.38661
44.69971
31.04571
69.79336
17.71456
47.77259
17.93291
60.2197
41.34893
48.30944
9.722091
21.76896
19.82535
42.16091
25.17768
63.47506
31.16511
61.91994
74.00936
77.21637
35.49216
78.36487
14.42026
56.52313
14.02434
45.89815
76.10393
48.57458
74.91258
72.54219
47.27576
18.45846
17.60971
75.36976
39.27365
1.552837
54.42053
56.10188
71.32184
44.66659
72.62786
74.4883
61.10425
74.42036
15.05849
43.23973
9.974217
33.54667
69.18141
64.63913
70.96755
68.205
63.81468
14.48852
76.95054
70.59812
36.01348
46.83107
30.63033
65.63208
60.73716
72.80865
70.92372
76.79335
21.52855
78.20671
38.66465
11.98508
4.703495
38.72244
53.76641
0.283997
9.280164
3.510358
77.89132
19.53193
72.05317
5.808224
53.92487
79.73897
51.1426
37.94715
42.90612
52.94973
8.199615
44.97516
55.06555
13.94886
51.45332
78.7266
78.53194
37.81079
20.51665
76.27783
25.17954
2.310851
38.14356
47.97654
17.82266
40.28907
24.38022
79.2279
29.68994
41.93298
20.46979
24.29447
34.56831
53.29188
51.20612
39.13133
73.12159
14.23671
2.847777
44.04666
14.25129
17.47122
9.616579
37.78892
30.46804
68.53907
60.7296
76.43477
36.02683
5.420301
3.925797
43.20688
79.17323
9.752528
69.88453
10.1551
4.394189
14.83528
22.71481
62.77823
70.15944
42.71396
30.90489
44.95943
60.93661
62.92301
23.0873
52.91234
40.42555
41.003
52.45108
28.56447
49.04268
45.33804
70.21695
27.02468
44.35502
31.60947
22.4462
5.075495
53.88308
70.00949
30.84162
42.20485
33.31041
69.43512
30.22264
69.74065
74.37034
18.50964
58.47087
18.99937
36.04704
29.39979
71.12903
75.38199
30.29144
48.95538
11.82015
14.77189
11.34153
13.70026
77.80542
16.9662
9.063593
24.62075
38.98374
16.79958
46.94856
41.78427
42.63239
76.03809
0.3093128
36.74914
52.99623
13.53564
28.21705
58.12431
5.40084
38.68887
10.08031
19.04278
8.430307
45.69261
16.71961
44.41802
77.71248
45.69333
77.00642
41.4645
28.54218
1.628329
75.35461
35.15822
77.44994
71.34809
2.61376
48.37677
18.8121
39.86274
55.92129
32.28083
9.125759
14.40088
19.80142
51.3013
9.392315
14.00301
38.26046
6.455194
13.75115
64.1368
49.85251
35.54743
76.38086
70.95509
62.13501
63.71278
15.61557
2.727966
10.54783
33.3511
60.12593
15.45863
33.12008
18.71575
52.85483
6.613004
34.17164
69.0048
9.768677
45.95992
40.66778
21.85688
68.75551
66.67071
47.39515
45.0844
31.13577
73.90464
36.12881
20.36482
62.19758
37.35913
41.95712
19.20612
11.87839
15.75249
60.41187
22.98435
39.72646
21.28734
59.92772
66.87746
43.50088
15.43342
6.735269
60.02755
43.33434
18.05131
39.03001
46.44524
75.71091
25.38246
58.642
63.02642
74.00174
63.26869
33.76493
27.97565
51.90172
15.71258
32.11901
45.81262
72.05052
32.59066
1.191611
67.16758
48.20824
7.216803
4.30026
68.77066
67.3106
39.09801
33.47916
54.8597
38.27238
7.293821
68.75467
26.63929
18.20765
14.53523
56.59609
8.762658
49.09727
62.19657
56.29863
62.3844
7.584489
62.22162
13.19838
53.96306
22.93564
9.5994
48.77386
66.11945
2.869938
18.0804
31.24988
75.26983
19.89404
32.01565
70.21139
47.42635
22.89193
12.49829
8.507329
16.20042
66.68121
36.13243
46.82878
37.32938
9.51185
35.79419
43.93165
63.78775
68.19468
63.33936
4.664601
26.65315
54.4062
61.99991
29.98939
35.73228
8.059624
15.65051
58.79014
21.13481
2.567798
54.12964
31.14276
55.7603
74.36685
40.05965
32.89064
79.06785
17.94473
45.54006
56.28309
72.97258
66.56031
16.38573
51.78792
17.13089
7.636275
28.37868
21.81452
78.65356
34.26531
73.40744
78.81294
46.37447
75.44327
11.33357
0.4501399
38.0276
0.4407086
66.27806
12.09066
47.43448
58.94157
65.85718
79.94528
51.22941
32.07616
60.8872
7.689494
21.47158
50.75918
29.63083
4.400224
2.697205
59.70053
61.512
63.80583
13.73703
25.63017
26.28333
2.245351
65.44481
19.95173
17.88423
64.63921
25.86618
40.25179
17.89425
45.8868
64.22409
61.69643
13.08408
46.89686
18.08716
53.10082
37.68793
78.98543
5.476021
60.54728
70.39606
31.90448
63.86155
28.52372
63.77038
33.15474
74.26064
16.77694
64.29065
8.013346
24.68439
66.29229
65.12138
21.85292
66.58765
35.16895
1.471711
64.84917
79.28874
19.67702
1.173272
2.871769
75.73883
38.34624
57.99748
46.85917
65.34866
48.4001
32.73518
34.06331
70.57936
28.99406
72.35159
36.74997
26.53931
7.132521
22.67414
79.48658
61.00889
55.76657
59.22128
72.75547
29.24992
70.69774
13.2885
61.79531
40.54211
30.85194
58.98213
62.02297
70.11406
61.72699
43.27208
26.77725
41.21295
32.62812
63.06204
8.342101
56.37688
29.53134
29.4892
39.64106
46.67561
18.68435
77.24946
52.93793
31.76049
1.417413
37.47731
74.42746
59.8111
56.48533
57.29825
33.81441
40.76732
59.01307
58.70994
54.23061
74.51805
31.50167
58.85611
18.54364
13.55443
25.2173
11.38678
67.57436
63.38475
76.01933
25.79298
60.19951
38.5059
7.110505
30.83624
63.16093
51.71651
31.79531
5.415243
11.63133
35.68676
22.40741
77.57354
6.475391
27.23344
58.9541
18.29705
55.25616
45.60219
28.31246
21.00664
48.77079
21.2879
74.51337
52.29738
24.96209
1.063466
38.95159
31.09685
44.39514
19.0716
30.85531
35.02131
32.42707
61.51217
62.58929
56.798
58.53923
67.13749
48.43411
18.73574
14.64979
62.94535
25.88986
58.56559
62.1646
0.1702126
30.09837
64.93697
15.14024
30.07203
49.27651
73.39873
7.869783
32.09864
67.46444
64.2818
45.4271
54.49227
68.74366
61.89358
72.61225
3.342194
79.45453
50.76984
52.43377
4.912252
27.64334
64.98128
59.38897
55.62297
59.89698
9.248327
79.42969
59.81143
10.79062
68.09541
20.41224
52.2607
39.76312
18.30298
29.29432
50.60057
25.53207
22.33904
8.074076
22.58333
38.11948
38.82096
0.4871727
64.37575
10.66918
22.03139
25.34006
62.9714
22.36773
38.14449
20.20226
5.402066
12.10101
5.121662
60.96274
76.72706
24.32394
28.48329
67.9414
57.94806
27.42814
26.40818
45.49565
5.281686
21.87389
74.15523
31.14723
41.65704
54.20566
17.67427
22.68691
14.43611
0.3531296
15.41075
16.85984
26.8246
55.61087
32.86398
15.93221
23.19118
72.21496
52.62967
68.97759
44.8388
29.66086
53.57035
10.77635
74.85468
51.66307
69.38912
63.42231
22.0004
9.262426
53.18476
25.57304
66.71686
59.67627
10.93967
25.85942
71.55442
72.76073
59.89316
77.01603
76.68976
59.43045
68.17014
76.62363
7.238393
3.994857
10.76933
21.02696
79.80185
64.95716
27.07335
36.83189
46.78345
18.13284
41.1641
1.902113
66.60029
77.74873
0.88235
26.22298
4.201673
5.574346
68.67988
50.98542
32.37
59.74159
73.4905
78.72676
52.70512
21.6666
67.25196
75.74323
53.83375
0.2975808
33.04598
67.49191
37.78798
0.2315727
45.5789
76.08418
67.3143
57.31289
61.26256
60.06751
2.236568
5.311426
30.98138
7.915295
60.71558
45.15172
27.65495
61.49408
66.35751
74.9999
58.48606
23.68648
64.11047
49.47657
79.41956
21.20199
6.938881
75.24321
36.70095
30.14224
4.849318
46.93259
40.58693
34.43133
46.69595
43.39402
44.70619
56.80445
52.43163
36.92617
49.50637
74.93886
32.18418
61.93005
73.14808
5.289744
1.876911
22.19953
56.06432
66.76901
75.09109
68.49285
33.6055
77.93853
16.62456
30.55743
29.39461
70.32448
66.9611
37.3234
75.86247
12.34645
19.06897
11.8693
19.63064
38.38006
62.00532
77.69401
57.56751
26.42658
4.720135
41.1738
13.46439
8.112786
46.23421
37.76992
24.8032
58.50079
17.87213
7.644672
31.86792
13.47001
32.66466
54.62481
30.46657
43.24696
62.46471
40.08143
57.35631
2.401802
8.091525
17.85791
10.10638
69.31186
37.58189
32.0826
58.9724
25.613
57.90841
76.20288
36.4303
47.47663
27.64135
69.18462
20.84812
38.37414
54.83131
40.41391
56.00318
48.23041
5.962217
7.182088
44.58451
77.7992
8.197426
60.19826
59.37127
17.85169
38.35914
24.09278
70.59836
0.04884096
41.25981
32.53819
64.71027
15.04166
47.04877
67.61357
75.31412
48.40798
58.04392
71.81122
49.85379
54.64865
18.87703
30.60936
45.60818
42.86138
38.69743
56.57544
35.8976
8.324374
37.7354
28.99243
63.88966
38.86182
57.42028
16.34935
31.62963
40.60116
76.56232
59.36399
2.089328
76.22625
46.59517
31.31034
32.84276
0.2577594
76.13602
42.72556
27.59322
40.68906
40.71404
60.584
58.85117
9.896797
42.2667
25.73076
61.46281
17.32978
24.03922
74.63466
50.92327
20.30203
41.04714
70.20679
3.471231
24.77596
36.36261
0.8136524
11.66316
5.610008
18.20837
38.26692
13.81254
40.00538
12.62025
28.64209
48.3728
4.539119
54.94798
3.690377
30.60962
12.96006
8.427844
69.55073
16.32791
9.342034
32.75763
54.2933
34.37125
34.12131
56.02313
34.84614
66.00411
43.33044
3.118078
32.076
3.852344
46.91291
42.42098
56.08361
43.32362
66.03895
52.33952
66.17163
43.5072
22.85113
26.81955
29.86498
29.6243
43.22488
40.61012
21.20846
30.31823
63.71153
25.02432
31.45631
57.44429
9.896954
27.95186
5.570689
67.78052
35.89019
12.00185
53.18257
47.78702
26.32885
62.57707
44.77338
10.12953
46.75405
5.761491
38.05379
0.4131014
20.31475
27.47828
67.38339
35.96721
6.007365
9.283543
27.3656
7.998053
24.18906
29.84662
15.76444
18.05776
61.77181
19.99357
76.48911
16.75256
20.34285
17.35527
73.78387
7.131838
14.29939
64.6828
74.18634
22.62622
57.72926
30.38284
76.83515
3.70332
18.20876
12.19886
73.16167
7.658642
48.66506
49.02707
40.95587
4.882451
41.85329
33.86758
1.59602
39.50699
52.00808
15.50984
61.27339
58.01743
57.9487
59.78924
27.15606
78.30919
46.69949
27.48932
74.77588
25.19812
74.76836
23.87123
70.69717
14.68259
18.55388
20.19187
27.16317
25.83273
63.01491
77.7999
77.97623
38.13032
15.20781
70.28765
1.786425
36.04468
3.361991
26.78628
14.64298
14.51728
35.18231
67.15067
0.1736872
71.0787
77.69295
48.03314
61.25659
65.87697
10.08331
48.18825
54.68836
3.455687
65.33062
45.50765
50.42161
48.33961
34.30619
51.38033
46.02886
29.62956
54.07224
24.20971
12.67665
51.74882
68.82021
37.62783
23.8149
38.29644
7.817096
71.03402
4.104576
52.90701
40.58467
42.22386
71.61651
62.06497
77.35398
62.82134
26.28931
18.78475
58.78708
42.67618
26.68771
22.40065
21.2063
45.44843
0.8745323
32.90464
10.60485
5.667763
10.12591
33.70456
72.88959
13.19379
74.26582
61.5107
12.009
35.13511
43.69987
22.83253
42.86519
37.99377
55.05918
17.00409
37.77849
28.92274
37.43784
30.52053
3.567731
79.68677
17.58018
54.09953
70.19201
66.57556
32.38564
76.67397
61.03363
57.33866
57.17886
7.711726
64.0044
14.36541
45.47074
12.8025
23.1039
70.84875
77.40515
67.76175
53.69324
17.56631
6.296346
24.82397
16.46792
33.03553
15.07166
1.717527
78.75037
36.08564
31.12359
37.07687
44.72399
1.189831
44.49809
59.49011
11.59784
78.95378
6.616103
60.85183
57.99355
63.93827
16.56982
12.19406
58.56063
14.01505
16.63462
72.88427
42.63924
5.926559
71.39111
16.34703
41.96387
40.44803
33.90116
62.88734
51.29695
37.89482
38.37037
51.82694
5.349134
3.8562
10.8786
33.17877
78.52003
51.53366
44.01023
34.1393
24.41868
4.885707
61.31956
5.679903
41.52904
30.77872
43.81453
62.08969
27.88198
65.29302
24.70159
15.38015
66.35325
15.32577
55.91383
2.263407
24.34806
24.90589
21.67074
64.13961
13.32503
55.96119
33.19668
40.40977
6.711209
7.741023
13.00154
31.53436
56.04518
17.75238
55.38635
22.53434
7.696525
4.461885
65.68194
65.18373
51.26793
9.708814
23.19414
13.2726
17.14725
75.89965
32.48056
10.72896
32.78817
69.86844
0.6398992
45.5448
15.69276
22.4488
15.93171
58.56294
48.49223
14.93791
9.07315
70.2421
41.81597
24.5813
63.61631
73.75757
1.977833
47.7172
9.36656
66.38774
30.31823
27.8451
29.38579
39.29191
55.75851
70.22005
23.83813
68.11266
77.00253
19.97712
25.13767
58.35854
3.839946
36.3084
62.37473
76.21897
24.11138
21.68634
59.88399
38.51331
77.06509
79.37098
73.36075
48.46088
61.89319
0.0637451
37.70265
62.40496
37.12649
48.27826
38.31627
48.99835
47.12566
53.45065
23.50872
17.078
79.94755
39.58513
18.86885
78.96943
76.18307
14.89607
76.6926
3.196426
7.445367
40.84082
41.91686
54.62771
56.61265
44.84831
58.74782
23.23179
50.31128
62.46494
12.26574
31.00816
8.250534
46.16671
14.97173
68.44298
73.95574
52.31545
64.96312
4.172305
52.0539
71.27522
56.54731
11.08058
55.61393
26.10075
35.95573
6.714564
71.37556
1.295772
39.94849
10.87529
36.51798
33.65347
65.41579
11.69346
10.5908
23.30129
61.91753
49.43865
16.16843
58.5652
8.908352
63.32181
50.94941
62.78264
8.522993
71.88797
75.78718
59.78751
21.10748
23.62011
17.11092
24.99747
23.97023
37.21352
1.278757
19.86229
6.727563
46.79252
3.088884
74.04242
2.888288
29.37694
11.77125
45.61817
58.38012
15.98943
58.6839
77.52747
38.93052
56.76144
41.80931
67.79332
71.27101
51.5371
66.64506
43.18718
10.42499
76.72711
45.05045
11.95954
43.4659
2.098321
20.85866
4.990549
4.640742
37.64692
55.67803
36.12462
52.31979
55.5533
40.13471
28.17708
68.15782
42.3839
28.64294
61.21068
17.11293
30.02368
36.32715
5.139565
18.3554
6.602538
68.00937
7.100651
30.55308
66.38622
52.78467
8.455644
61.55402
45.14462
72.04546
38.02941
4.778442
13.09446
57.28584
43.35512
7.835559
17.58269
45.36559
3.198419
65.42886
0.7680583
73.52146
40.70242
62.16733
70.16725
20.90641
51.59966
12.67792
13.78166
40.09992
76.55738
24.96664
76.46336
43.73461
38.01837
68.66641
15.09474
66.24304
76.27237
60.37714
33.63812
8.300627
44.4352
63.93652
10.097
39.55249
69.74488
12.78676
26.0678
54.35211
17.85744
8.311169
32.83135
26.97389
73.89654
54.44135
21.77616
37.19499
67.3928
22.66951
2.544183
78.23215
22.0164
34.29642
7.713655
24.53427
41.68963
46.0593
17.44824
52.49942
73.79833
14.94155
4.342525
8.799638
30.78601
50.58993
37.55833
3.905574
38.81626
20.81811
35.77724
61.49293
30.9307
38.93544
66.60227
1.156629
46.48731
78.70707
42.38156
16.91611
30.79168
79.54084
73.175
38.67
30.52096
78.2266
79.628
6.77062
46.52586
76.14727
78.70327
15.7581
47.16658
4.827648
78.7813
53.61769
21.39076
49.0914
74.38364
66.30459
26.26104
27.34082
2.229354
66.5104
23.82291
3.706751
32.33729
8.862067
21.65095
17.31472
41.51426
0.9127969
20.69774
41.68752
65.02575
3.267492
36.59629
42.35671
79.69335
23.88307
5.931773
65.58199
40.29419
15.52412
56.11856
35.49139
40.0159
62.97697
27.3437
12.44704
57.17696
53.2965
11.1485
43.09123
37.62956
35.39233
40.62436
7.318577
33.28892
55.3122
44.30743
30.35053
26.46218
72.93595
69.8849
36.04588
32.76526
57.00824
47.48063
67.52385
64.17946
76.42583
20.12184
23.55843
6.608653
41.51785
25.36524
35.21383
3.197802
11.09897
69.09657
43.7793
4.587864
77.13691
56.04187
33.73148
46.64186
30.56216
59.54867
10.26822
8.707205
52.07267
69.76635
20.52224
69.1946
19.07243
38.58477
69.45517
45.96813
63.56393
66.66002
39.22923
25.62165
75.41014
34.58348
5.694626
8.820198
36.38669
23.06616
65.68274
32.26714
13.84756
43.06016
59.4804
70.48285
77.98547
45.2405
57.61333
29.60374
14.53271
13.4069
47.80299
77.91376
15.02641
2.32378
79.1017
15.78667
22.07078
69.082
26.20382
79.9372
44.69539
59.96211
44.91097
32.76796
61.27565
36.38712
18.07048
45.70523
47.76597
42.42641
31.61329
65.88137
29.64647
42.09593
62.78337
12.17351
9.52468
19.23855
10.12516
69.2936
58.89649
8.797915
43.35472
74.01012
21.03434
5.860035
24.15641
74.71323
55.61166
2.562265
18.76001
4.569375
74.80552
1.332935
26.29438
8.947931
69.79064
65.58588
75.65314
53.84305
73.187
1.739296
16.81139
15.58013
32.37721
19.92467
20.22275
69.24356
6.612919
74.90495
66.02243
9.662763
5.715129
33.70812
50.52618
13.7401
25.81014
6.397212
5.756345
21.69294
35.22618
55.36333
22.28935
67.80985
42.19332
76.13212
16.54866
78.12743
49.66858
13.3639
55.07773
23.17913
70.75768
64.16227
31.31984
62.97507
7.178903
53.24338
63.19608
26.23971
12.30516
5.477042
48.2555
48.09206
62.33276
64.99286
40.46009
25.09254
6.554346
7.623283
5.065478
41.75087
5.683641
72.07714
57.41533
19.06192
58.38442
36.84309
57.98637
65.99294
14.85777
15.13578
64.27223
8.866293
76.49623
2.572281
22.85201
62.74797
46.5429
70.11799
74.98847
78.57637
24.16964
5.394239
21.89276
66.40711
49.55855
28.50672
38.40496
51.69306
19.12167
50.06007
66.67936
4.583901
73.80659
52.60982
16.23057
67.2653
41.98696
77.29675
72.43166
41.83123
20.72769
29.20442
10.31539
48.55648
54.93604
20.34692
2.595229
73.64175
24.87853
76.5123
22.21058
59.43015
55.59518
21.63645
16.79055
79.93739
62.77414
46.57005
35.04802
20.88376
6.455266
41.3765
11.81363
24.66663
19.32573
10.90312
74.77992
3.875358
37.50839
68.6484
68.34173
46.5338
32.38475
38.39852
20.15358
44.69131
73.32341
4.469814
72.4295
79.55768
35.29775
59.24701
14.39922
60.9985
48.04558
3.545085
9.750572
57.69671
37.83755
70.18459
55.67587
24.43039
50.37989
54.74045
2.226629
43.47615
6.76908
70.91215
47.77913
67.26122
63.99589
74.87462
33.87223
48.49234
59.63809
2.538043
41.04963
48.57669
36.39054
18.10104
37.9668
54.6366
34.41083
23.64579
16.49861
43.3754
61.6167
50.49471
34.508
35.67431
51.53664
50.40942
68.07559
59.33031
71.48481
8.168762
35.89757
22.14224
33.74707
33.59407
7.346727
66.74206
54.06437
25.79544
16.92229
77.19707
33.1988
30.80016
24.3488
29.12476
11.92548
72.3921
76.82728
17.14944
38.88999
6.774188
50.55939
60.17703
63.55233
15.083
6.231372
22.77098
75.44992
1.707864
5.556287
8.955264
62.29448
36.59257
33.67553
9.423051
29.33392
58.01896
63.40321
6.737055
10.52847
31.63213
69.51187
68.4202
78.58382
47.64782
1.042048
58.9488
57.85036
32.63445
78.9657
16.11636
4.315119
54.08597
19.19505
52.41041
60.85724
56.61173
68.0103
77.27785
47.78901
22.46804
41.29608
67.5689
5.106747
67.24388
29.93158
4.907632
20.99286
49.19155
44.93458
17.67924
27.38304
74.50839
66.39153
3.426575
73.89364
21.99558
47.52999
76.32838
20.32376
70.94806
39.60128
10.86516
59.84502
0.04975451
70.13426
37.1786
55.26448
70.60283
53.49377
14.83106
2.642474
74.67233
6.231781
13.76267
79.24266
21.62245
47.16759
27.69698
35.87384
46.17084
30.52889
54.32765
62.90214
8.192352
56.5242
49.68776
79.05272
52.65131
49.41982
67.40689
7.090265
63.72919
3.843864
16.45598
12.76778
69.66482
38.97798
42.17559
25.1613
9.487106
73.01329
54.34224
54.57884
1.757558
25.99223
18.50704
70.51427
31.37695
6.311114
31.09484
73.19614
4.930222
33.08999
61.6281
30.19098
42.38428
70.38274
20.7102
0.588459
60.25633
38.84439
57.80028
7.609032
13.97449
79.46378
20.32104
43.92048
69.46098
75.45622
12.45881
11.18708
29.94798
54.3005
14.54792
75.50315
61.58072
41.2823
59.98229
8.376977
63.09469
61.22794
64.34779
72.13006
63.22368
29.1474
37.75003
71.79359
2.015612
31.63528
16.07768
24.16147
74.02515
21.27196
63.44331
16.65303
21.34196
25.3137
12.81165
47.33544
5.404188
68.54268
65.11167
53.21681
41.95554
47.93583
5.851553
75.76062
18.80927
46.16974
74.03016
17.6146
42.30241
56.13918
61.33716
58.2872
76.74066
73.48351
46.40734
41.93788
41.70336
0.135571
7.684059
25.9529
6.812865
70.71662
17.62026
70.94776
62.80548
58.02496
42.22026
15.71157
52.37686
35.16907
68.57277
54.91442
21.59543
79.97184
60.42103
36.81753
4.04737
23.42825
57.78043
30.85944
45.85699
28.34945
12.16568
32.54168
26.4319
78.57206
62.9218
51.82094
32.30273
61.37046
44.77635
37.99343
51.37182
12.98413
21.69045
44.06355
29.66676
3.406365
79.4336
48.76544
1.437018
79.39614
16.61343
59.86603
68.95345
68.55903
17.75408
33.40194
55.586
10.62904
42.27051
39.24191
38.82792
6.986952
12.45489
28.22367
18.71735
78.56348
4.026398
68.36995
74.93932
28.87502
1.057457
7.231114
20.28638
2.048675
55.32483
39.75929
31.89261
67.15313
75.31595
10.23625
17.70213
64.18366
68.5501
63.06001
40.29797
69.26825
40.23475
40.00477
41.23241
24.28194
79.195
25.52007
69.08184
79.10585
70.26908
14.96666
50.56933
47.85229
61.87659
45.77435
29.68434
61.91664
46.42441
55.62655
49.73907
30.71762
21.44793
68.64104
76.23642
42.52237
61.00522
76.12812
64.60457
41.61826
34.87971
62.62877
2.168327
60.76164
2.484292
69.61013
30.9565
3.265042
73.5508
2.768979
22.13877
79.30963
63.91473
68.64878
50.54581
21.87071
4.982534
42.94961
20.58678
3.167762
60.45064
15.93441
14.49167
4.998161
50.18633
63.56003
54.74396
33.19316
46.8397
16.32574
4.893752
5.514217
63.51694
50.91766
21.29535
21.48138
28.75951
57.74198
58.38217
78.23964
13.84821
9.699312
12.53649
25.16784
35.32274
76.02694
14.98159
31.18822
77.24095
29.84862
37.55432
23.51998
8.575722
53.16463
74.57209
44.41909
63.30062
42.96375
20.12896
56.74463
25.19826
12.66889
10.0025
27.40272
43.33009
79.34456
19.06739
2.977777
5.367467
44.67756
57.9039
3.152544
54.78484
46.2036
1.223823
7.703069
1.646395
27.94055
26.27684
35.23596
1.458221
36.42302
37.88783
35.36157
71.80046
33.04833
16.16353
54.86265
79.19619
3.363005
48.3649
0.599757
35.15862
65.16269
70.56324
77.78307
15.71106
24.92241
45.01178
3.773789
10.07906
38.37437
31.04839
5.060928
48.36444
4.502118
64.45773
26.24411
22.63831
24.46686
74.73631
47.97688
25.14027
28.89358
14.16429
76.92785
54.04102
6.048988
46.52422
54.33398
4.079994
33.17584
53.49674
6.089582
0.4274612
3.062907
0.5276642
13.57014
9.236546
71.16861
44.13588
52.25116
53.52612
20.95875
0.7971058
79.89282
20.8535
12.55701
70.66443
18.88978
5.539189
26.48337
47.8939
36.00768
74.87011
72.25787
19.44713
26.69162
5.6092
55.09821
9.824239
37.39731
6.174846
63.4678
0.7789245
43.57283
16.30413
44.27665
70.35214
57.74918
33.77572
52.31568
64.24904
69.40603
74.44451
3.012647
60.38076
53.48988
20.61463
57.71027
50.87788
19.60032
34.04257
44.18444
48.61559
75.19111
68.27206
44.10628
3.382674
36.1453
30.08713
8.334159
30.58044
10.42246
0.3785899
23.40695
38.62043
51.86593
47.56053
35.0609
65.94122
5.189766
79.15326
73.07812
50.89796
14.50097
48.35753
50.4247
34.94432
51.92213
41.14727
0.357917
19.50789
28.78378
6.310752
46.04595
75.24793
29.04423
48.61118
65.93064
23.65907
71.18622
39.51233
20.15967
63.06319
59.45715
13.32675
45.58977
74.62147
23.51037
63.08892
27.61824
9.422331
45.38924
74.35709
70.18463
32.93479
29.50938
78.02226
29.92887
40.15482
0.1142273
66.62573
9.337778
37.6299
2.400968
65.30712
74.13019
7.45998
61.78886
37.85037
42.46925
48.01031
71.70627
9.023405
51.4585
53.85269
20.71904
39.57692
40.22463
11.99803
38.2625
15.28134
17.70749
78.7799
30.15946
54.71745
19.0717
72.3974
9.777947
14.54414
75.37855
34.09036
77.09804
20.69618
53.38797
25.13542
24.69432
72.26067
78.95361
29.7359
44.48261
0.8665617
65.19779
20.94416
58.40316
29.79955
19.87
24.98279
56.78349
7.002787
22.73385
44.66576
40.0349
18.18799
58.09098
8.764277
5.291342
24.28454
40.26679
21.84084
70.45547
47.32246
17.36906
30.78051
76.18152
12.19421
15.77568
64.72634
23.88476
33.40271
74.52674
64.28246
60.0319
29.11274
78.06648
33.25054
62.83972
19.29869
62.08472
25.84525
16.66352
38.10235
56.42148
10.823
67.49383
40.58933
10.55676
50.49073
13.03469
48.86066
27.7991
64.67572
62.20535
13.50445
39.64622
70.98157
54.17014
37.66344
71.77592
17.63922
53.60608
25.46885
57.38051
53.48485
10.37694
17.05905
74.61813
62.41622
62.51404
31.18026
55.49723
66.28658
6.517379
68.68097
8.002932
42.18045
57.67903
17.75682
54.83105
36.56175
11.58471
26.8395
13.51668
39.59143
60.33754
61.30388
17.47601
19.4548
43.32599
25.59872
67.20889
75.39762
54.33743
24.18534
70.62594
70.44112
41.06017
41.52328
67.0143
40.64876
77.64335
6.842233
71.17885
21.91425
50.54577
1.709193
5.18529
78.32552
49.30642
31.88327
12.69374
28.58979
3.516802
53.08333
12.54113
70.81919
16.14452
2.031717
16.42599
45.14675
40.11583
39.68741
21.96076
75.21205
19.73027
11.68166
41.06158
18.56653
66.82835
13.58398
44.48768
62.85336
27.10777
3.751965
31.96389
66.30361
2.943962
42.02452
4.48343
57.04947
24.89544
44.14959
77.3069
71.73573
61.5504
28.9189
9.535655
25.07048
9.221463
48.21699
49.8012
44.80103
74.49004
39.5782
15.94702
49.07413
50.30247
41.56647
16.88014
66.21766
33.48044
60.07762
39.34247
56.42656
57.0338
3.510908
70.92309
37.22862
28.18618
40.51721
14.51619
30.02182
34.39371
9.559281
71.05599
12.64774
35.87405
49.62283
24.21019
56.02139
9.105428
52.0545
79.399
42.83553
17.01966
71.10025
0.1276756
68.29851
67.96731
49.91812
46.51672
74.53451
74.72691
10.90634
67.87693
45.20758
37.90031
47.97138
41.18052
18.8372
71.49131
67.96721
56.79978
7.384885
44.22738
74.54519
35.28133
11.24051
75.81359
63.22196
48.31242
22.86493
29.40253
19.24247
19.30811
50.55939
29.55978
77.20112
30.03624
60.53622
58.36512
27.57162
3.140178
53.9479
76.13775
35.31426
20.33732
29.16629
13.4282
30.66603
71.67516
6.499742
42.1103
74.18443
49.53613
76.03456
10.82417
31.09466
49.53985
34.63911
8.881382
42.96587
61.91174
67.13958
52.55728
31.38525
67.51548
74.82332
38.85632
10.5766
33.7112
26.16404
43.14502
24.71047
63.06014
29.52146
76.75337
59.89083
40.96261
33.95785
1.325242
77.69007
78.85205
26.78677
30.63495
6.05007
24.08845
63.94804
18.52941
78.88071
64.26825
73.12118
31.33447
8.829542
62.93525
45.3619
34.57607
43.87731
14.38952
34.30378
19.19001
51.19496
33.2098
28.58377
37.46526
44.80762
41.66863
69.38259
13.18549
1.939431
66.46447
77.32225
7.183354
52.26461
45.5784
7.519876
70.96784
59.27549
12.94272
44.33763
77.17229
36.40623
20.89486
21.29607
16.12789
66.3913
37.21012
34.68172
7.13744
70.16804
5.08186
29.10304
48.18022
27.65213
78.9429
56.66677
6.072812
38.21303
57.27214
79.37245
71.84635
57.97655
31.52201
76.45767
2.904541
63.80529
63.77105
15.80847
6.29771
11.19135
39.60499
3.461267
3.270852
72.76176
58.6712
19.30594
10.03921
57.71014
15.92147
42.43612
26.12092
71.30743
1.704029
47.28927
14.59451
22.65132
45.45243
5.680313
47.86862
9.729906
11.74781
43.44377
59.7446
44.46575
26.14804
23.26216
37.21969
48.74265
7.820775
21.61367
47.77048
21.2086
2.407336
3.575149
28.59552
63.28517
32.04038
65.43214
36.06623
61.78904
26.23678
74.73484
59.67685
11.52648
36.16727
26.32897
45.95724
4.30577
26.57975
47.23186
20.56469
23.30764
17.73506
56.8675
76.17129
24.27075
44.8253
22.70191
37.68978
79.29433
67.40135
4.496301
72.94737
41.84718
2.673984
29.91014
34.73207
38.91634
48.24624
77.29023
1.944521
26.83751
45.23026
35.34064
18.23849
36.52346
72.57626
70.70603
73.85688
78.1328
55.2216
48.04963
37.92875
22.60018
68.67738
29.92755
23.57237
4.002204
21.0045
31.2457
26.28017
33.08139
47.06725
30.5624
46.00396
20.96415
77.01178
65.3056
27.0603
42.63937
67.89385
21.05992
54.83791
45.95119
17.2956
2.920432
5.290423
30.65201
8.669992
77.70371
25.64419
79.28442
43.73216
5.605246
44.65616
12.12148
20.18805
46.37247
63.27418
57.45056
8.448562
26.88828
40.61742
45.43959
75.4559
75.12232
4.951486
9.526369
31.06969
73.89763
30.83933
20.32112
32.71449
50.50717
37.35496
54.44514
27.18758
7.079203
44.40695
22.26401
23.31293
1.326585
0.348803
20.12601
19.31164
0.4885096
32.64157
0.5034778
65.93043
48.34354
13.51178
63.66298
1.401975
31.2402
18.07189
50.63306
61.14681
58.46199
60.49761
66.40144
57.48371
24.3349
8.326349
4.245195
23.29257
13.10394
52.23416
73.9951
1.54374
12.95782
49.4758
63.57756
4.500516
25.29598
23.1212
63.93523
48.93002
15.87241
2.134637
32.14143
34.75265
13.94847
78.93121
73.64406
75.87088
21.78919
67.54258
62.00312
59.23859
57.24881
63.15155
64.82104
55.95239
43.78403
14.03609
52.87878
6.864056
56.5595
25.72482
64.7281
78.19188
26.46483
74.82782
42.45887
72.41661
59.47529
32.06
71.77165
66.83439
73.39741
11.7366
65.83106
6.342746
70.34388
42.30974
13.01258
40.51872
71.3538
5.576962
5.377108
63.51016
72.45638
56.33046
48.94856
26.85212
24.90923
16.56937
57.45941
60.90775
62.12301
26.71104
78.20706
31.47252
33.50189
69.08301
69.9537
12.5674
60.78123
63.89629
7.794136
77.95729
16.33411
76.61473
18.26405
20.98701
58.2787
1.605144
75.64605
12.20411
76.84782
29.98457
29.15154
52.27155
41.26679
54.62664
74.19058
66.75486
10.08546
15.39774
33.20586
18.10252
60.31821
42.09445
76.89035
35.87888
71.45261
0.05049886
63.26837
29.8757
75.53041
63.32262
74.49541
13.1117
58.8311
30.22795
13.13918
16.83584
67.45513
0.8574683
43.64525
57.94547
14.83653
24.43216
27.97501
17.59226
16.78335
27.6
63.7147
67.25074
69.97644
22.64801
52.55595
27.66845
18.54578
22.07992
39.97238
34.31025
13.28791
5.968379
78.2943
69.80998
39.34995
56.0068
12.67309
9.033403
45.52999
3.42255
28.52294
17.94797
55.28234
4.749772
77.12063
43.04855
75.31527
48.50618
56.62522
2.012692
5.160761
54.38456
2.97786
13.26379
15.86468
52.94293
33.95735
64.46779
44.83235
8.591692
30.81499
70.75643
58.20126
29.92622
55.35829
59.76606
78.93554
46.26959
14.61551
79.03737
37.80924
51.29661
79.41541
14.1004
76.1514
62.57443
21.31148
65.36079
59.29799
44.55114
28.43559
69.40698
76.50157
27.47324
59.90094
2.582732
5.688415
79.04923
36.68375
1.356161
64.58269
68.28552
65.45549
75.48054
20.91316
53.16342
50.66515
47.21005
8.965591
45.89344
7.874727
66.17741
43.89092
46.43702
71.69294
48.92854
57.66877
63.39649
78.54757
28.43721
74.12268
1.224184
61.84004
66.93558
70.35855
65.82897
21.97237
42.15324
26.35518
8.929488
53.22521
68.28293
0.4403907
41.87678
17.64436
26.63376
73.94319
51.1718
14.25154
20.99003
12.58967
19.18381
67.04851
9.391499
15.88806
46.55894
14.84603
35.34257
4.47379
17.40624
25.53382
7.571069
35.92297
78.9747
39.07092
9.837873
55.8214
4.64631
1.350663
19.87438
61.91561
75.54789
27.39703
22.11926
30.79639
20.60457
17.44066
5.095396
69.41331
67.12903
64.81644
76.62233
44.1629
58.9778
78.0797
8.528578
17.87263
18.02486
26.0903
71.10746
8.561568
42.24434
6.871384
36.35025
37.40332
40.73751
50.77042
70.86747
19.61942
34.42792
16.30014
3.167569
10.98579
55.65426
6.941856
22.41899
34.47928
61.21556
54.43389
30.88042
72.70493
40.97518
18.09452
16.81294
2.910368
46.01862
45.46509
58.29674
35.76387
65.48341
49.42828
70.299
11.41113
55.8318
77.00246
30.87242
19.07356
35.29494
62.62544
71.92424
1.571051
50.82071
79.66198
26.83921
38.85581
70.73121
70.20173
78.01042
29.32111
49.41275
25.86094
61.92043
23.92637
20.25443
8.394862
17.47681
48.86695
33.72885
63.84592
51.41221
12.08255
73.85489
77.80149
62.75282
11.17364
65.88637
9.685575
40.53593
3.088356
21.90066
41.95984
33.92395
12.54144
76.56206
47.78301
48.30379
32.37584
36.92058
41.11508
51.39887
2.228728
16.37891
54.47743
18.91879
74.66494
49.09553
15.6747
55.68429
50.82002
50.78138
59.77721
4.535827
1.570495
34.34991
21.23805
26.78141
32.21003
29.97815
11.7104
60.59089
4.561025
0.339679
60.96164
27.15872
6.928902
19.80096
37.41942
42.60634
77.80919
34.52226
34.60954
40.75383
76.62476
76.92655
12.51535
75.74585
10.78422
15.24864
53.02991
27.72474
0.5834134
63.9343
32.5698
38.42052
54.13179
50.88045
79.89245
33.99043
22.19192
32.58746
13.9527
70.76682
29.92109
8.001496
27.55231
32.33818
20.22705
25.57034
40.76034
61.48046
43.69081
5.258392
61.65604
42.3427
33.88477
66.9476
27.35532
12.15726
70.49249
30.66867
40.42985
33.56187
5.119051
19.37857
16.67297
17.07386
69.47677
20.09741
67.88799
68.82664
49.08735
22.48307
47.67865
62.34655
2.585619
71.82142
34.71327
20.72057
17.54585
15.20154
56.42276
17.04476
29.33877
37.29368
21.12519
47.9031
19.58361
67.25013
47.56876
61.81843
77.07765
8.087678
4.271348
45.78564
31.3041
64.90144
45.62532
9.570416
3.650575
57.47997
34.64834
44.08959
41.26794
2.20593
22.43374
2.254919
14.38959
38.76445
29.30695
73.64578
62.74078
44.6803
72.96771
60.30411
0.01896264
50.58449
34.7269
11.65171
17.60017
59.17711
79.47413
47.86715
13.04499
18.01166
12.64165
54.70592
1.806482
23.19204
26.21874
43.56648
48.13744
56.27708
61.67842
75.26819
70.39932
68.49511
24.5901
14.25694
32.19351
74.2771
50.24568
0.9558482
35.09005
51.02502
75.09682
67.30764
38.99168
66.58783
72.44801
33.62594
22.45798
6.036231
61.69649
51.40891
66.85617
45.72447
55.33612
15.78467
51.22979
49.73606
54.353
18.04287
58.99293
47.25502
34.91176
31.67752
43.63938
46.93224
48.12659
11.76614
44.98081
57.21455
74.15275
28.39626
28.79202
40.51586
39.71527
19.07501
46.03673
51.55009
12.05859
53.60432
46.35645
36.68961
32.54214
16.88088
55.80572
75.72913
59.85138
39.49477
51.24412
32.35031
11.26728
69.98614
41.69355
28.85629
15.76577
16.50117
43.36133
70.06573
19.87024
38.11273
74.17124
70.2353
74.23887
64.48956
55.87008
44.46352
8.029713
77.4825
5.085235
79.18565
5.322491
78.98972
26.21271
36.28568
43.33754
34.67499
45.01062
66.25381
5.031496
34.24921
71.62705
73.10186
44.10294
27.12964
14.69792
17.78836
26.91663
75.26362
48.87186
63.84661
42.16763
57.93139
7.569768
65.80425
69.25011
2.330401
25.75819
26.8854
65.96979
13.62228
63.17344
38.76924
72.56417
56.72666
60.25721
25.96737
0.7099083
20.1293
2.309525
13.79088
17.08554
34.30156
64.54259
67.67343
69.35354
71.61356
23.90018
44.19202
26.40947
2.690892
11.52757
0.6349659
74.97282
21.37234
15.6842
50.81206
22.46833
19.353
8.516688
57.95981
20.46645
16.02151
39.15851
49.24519
62.06118
33.75686
9.876598
32.27235
5.340388
67.60271
50.26132
1.678188
52.94076
75.74925
2.251222
67.41087
60.25957
71.51868
56.75638
57.48516
29.98437
53.38662
51.77432
3.663402
7.687728
35.13063
75.97139
50.03973
52.31825
70.2337
47.69103
5.864559
39.38362
71.16132
76.85473
7.99797
14.63662
52.59833
55.48938
43.12687
73.96625
19.49408
60.08983
11.81331
47.74066
12.16913
35.79709
7.976993
40.92644
31.63754
68.96498
78.4202
10.74697
24.94135
72.68516
58.1423
70.7748
44.55158
55.95065
56.77824
18.15483
36.33054
38.62345
38.81222
55.98881
17.56174
11.62227
14.90633
68.90024
49.91553
37.39836
19.42085
32.62754
13.96816
65.80193
79.43669
36.29429
45.36044
66.83704
7.071976
47.5579
59.47104
44.42938
3.70682
18.2797
3.63053
10.65585
7.626857
37.5587
56.85454
1.710897
18.01225
70.54824
41.21098
40.20403
35.77447
46.80242
61.97031
54.13581
13.32852
11.41892
40.58991
30.68863
30.44909
13.91931
69.86165
4.723467
56.41394
23.7666
52.25066
65.19586
73.69273
11.59173
74.03307
58.50617
76.47484
28.55083
61.48767
58.14105
58.32764
12.85292
43.40078
8.256723
12.53018
38.62201
68.17771
0.1204713
8.044245
32.822
77.66433
19.90301
49.49325
67.67921
0.9537692
3.524852
79.75856
67.60662
79.91151
11.83595
69.9156
38.08606
56.32063
1.716709
51.12546
24.09377
8.363515
46.11866
14.8587
70.17038
0.03321877
79.84715
42.55268
3.559804
56.06927
61.15315
31.0013
18.57665
51.13727
41.31474
39.84308
31.42267
78.24534
49.51801
0.395033
9.512847
77.6494
40.9627
72.57402
47.59049
2.002238
67.56628
66.62034
61.83374
74.92752
27.78436
3.788646
74.71694
20.22153
23.93278
7.191022
44.2077
75.54431
41.05785
11.72569
63.89916
52.22631
4.447126
43.06874
69.46186
51.70184
56.36148
41.96324
33.19327
48.81606
47.08439
23.13387
18.75783
3.831985
48.40939
28.7946
71.51166
39.95669
36.55024
69.76964
78.50104
19.64495
46.63756
11.46162
34.89212
73.51607
29.71745
53.29417
68.00274
67.42615
7.890137
0.05310753
30.21295
6.971908
36.15611
79.41221
47.19591
12.4725
56.27952
79.66742
58.87409
65.0449
14.72075
41.99388
72.30036
55.02676
40.46103
17.08924
30.23766
54.25049
36.4506
74.10116
59.97717
57.97524
0.2170072
7.467502
60.90953
10.09837
62.94536
13.40859
21.20391
66.07959
1.653857
45.00978
1.537759
68.69826
29.6378
42.49019
55.05787
30.22495
64.29271
44.17052
14.01002
53.28248
54.36915
21.66033
13.07095
31.80429
39.09355
5.17241
52.10909
61.58387
29.30067
55.89496
78.13854
39.90539
27.75203
1.73787
76.83735
37.65199
10.53071
75.42696
62.12353
68.74374
48.43523
23.34598
58.82417
59.97753
26.52543
6.199745
79.07135
45.98529
48.62426
12.71952
34.51855
74.12161
77.48608
8.938788
19.36048
74.65742
59.82969
78.79768
72.20888
38.20825
42.07871
42.10826
5.244921
72.29564
78.28514
2.489984
74.20543
55.26386
22.42453
76.73987
63.52728
76.55499
5.153693
79.58475
62.94372
3.316641
65.65634
64.57202
71.31403
17.34518
16.14815
61.70346
16.01994
64.37627
31.0083
35.57654
78.21798
48.28599
61.91717
52.03718
73.33454
22.48847
21.18624
11.15882
78.02786
29.08164
46.5864
71.30936
19.57973
53.30242
69.06516
4.085098
2.869669
32.96781
44.44231
64.83228
57.97152
18.35222
77.21913
52.23064
29.61263
10.19836
24.32533
59.1645
30.6617
38.82766
23.3046
70.70388
30.13421
19.37351
54.60255
6.405395
37.41244
69.91238
32.43592
38.33524
2.716693
26.08142
55.0182
49.26323
60.77959
23.36811
13.61305
6.245664
12.37911
75.95877
16.1656
78.46838
18.29802
14.94324
59.33059
0.3322192
39.54469
66.88636
18.19203
40.1236
9.251889
74.23221
12.51563
33.47451
36.67299
20.04232
55.94461
29.94138
3.705852
76.45817
46.57911
69.76018
2.146425
1.880952
51.56359
17.33294
63.26935
32.10358
56.31669
7.357618
66.11812
74.09388
60.80689
61.63884
43.93144
37.78271
16.24218
1.239281
51.89546
62.52785
43.29373
20.17169
76.65009
16.76454
46.98152
77.06102
23.19788
68.13792
18.80183
49.02843
75.83822
56.0041
1.894848
74.25192
53.41124
65.42453
64.47853
49.93408
39.85008
44.42408
62.9401
38.97045
30.60162
65.21472
79.83391
75.61854
48.79147
31.24955
67.46584
9.320981
70.38367
11.07165
74.17183
56.32154
50.21641
56.2047
62.97511
31.26175
51.53343
66.00921
8.74917
69.8444
30.89336
74.32028
7.397443
33.57419
52.31361
4.745429
54.73401
13.03916
13.44996
68.24711
64.06941
46.24258
47.33503
74.83158
61.86817
1.857882
71.12106
44.37048
56.61981
17.08718
22.42194
12.46937
56.26796
23.89325
74.07071
5.28342
73.23804
73.93945
71.53834
77.2087
49.51149
79.2661
35.22548
73.79617
3.049969
22.89389
70.41901
67.41774
24.3671
5.263087
49.14046
46.57518
36.126
7.230911
29.23591
31.33849
61.7845
50.92276
58.55408
27.22441
3.242255
14.89617
52.63782
31.10384
51.91269
59.27926
55.60436
74.28663
41.43565
54.44341
33.01459
64.51589
52.99084
18.26315
18.11783
24.45755
32.61748
37.13519
25.15345
38.7005
72.12409
67.86646
15.48837
60.33906
39.72265
42.61705
21.61527
69.83598
14.15429
64.41895
68.31279
64.95174
2.658038
66.85285
38.73959
71.98395
18.8513
60.89136
18.17631
47.93691
55.4844
10.09719
19.08389
19.7586
68.43698
16.31265
26.68878
67.58783
72.20736
4.202566
55.9875
2.849221
50.67216
60.85863
27.12776
39.70841
12.64909
65.07433
35.21121
68.55145
48.7339
29.50719
23.82059
16.11527
60.20562
79.49485
69.989
19.26362
7.779279
68.11236
20.3645
67.24999
68.92853
14.95657
68.67954
3.716162
8.122682
27.18321
72.80261
58.49162
25.01562
29.35932
50.65902
17.53534
47.0365
44.31256
46.68266
39.14276
38.76535
56.66849
27.41702
24.52967
13.26471
56.82747
28.55435
37.20297
47.28598
78.17882
70.95382
27.16944
5.311859
23.60134
50.13696
76.34827
34.01435
33.97554
53.4341
8.332715
3.729909
51.90033
40.57796
20.4727
66.64175
66.01576
55.54189
29.84057
15.42504
16.87742
31.55371
61.84817
36.10205
79.87388
44.99222
75.57894
73.28744
14.8015
56.49584
63.38833
48.16137
36.01964
6.635653
35.75508
15.35743
35.83677
55.5986
34.03695
36.49792
37.58059
53.03612
43.42127
42.6447
61.8359
42.95285
77.19452
22.13924
10.70508
76.56856
79.90676
78.84841
21.84378
24.32586
79.75146
60.64025
52.88233
38.22772
51.36746
77.96368
29.46015
79.46397
79.3371
40.20738
73.4706
47.17986
37.01902
47.11177
59.83462
63.12598
51.46644
71.12741
21.77162
0.9338915
17.55834
16.92874
70.81121
0.1511079
29.51988
46.86336
76.65214
55.1515
65.44138
20.24733
57.34297
62.59717
32.45176
51.34368
58.40805
23.86047
47.71811
4.118229
56.99812
79.87967
39.49408
58.71364
0.795246
19.08353
35.09945
41.24413
67.83897
60.69938
40.94556
18.75581
60.79171
5.084859
4.09109
5.077703
61.06034
16.50449
79.80686
2.239949
26.25618
67.01194
24.41055
41.1792
19.25686
45.98497
67.35485
31.6853
26.66789
46.11851
58.15003
21.40693
61.63735
44.12254
58.168
46.95994
9.119002
32.93778
36.36869
40.09434
45.46445
25.19905
29.25976
53.74868
55.03913
14.88299
45.98513
1.272625
32.10779
62.64226
63.35705
30.03098
54.76605
64.92363
10.86469
67.39648
73.9072
29.35982
16.75144
62.39009
64.45243
57.34649
46.31029
25.73938
56.23502
22.20724
45.25916
8.147133
45.77718
16.62995
69.8412
51.38725
47.58501
42.53692
77.20001
2.690054
44.02076
50.74535
50.58219
75.1142
9.199592
2.683287
60.58354
22.00798
64.47905
23.60181
24.05177
23.8908
76.06096
17.77496
7.464422
25.21669
75.47012
73.46417
31.63917
16.32536
53.11002
40.05661
20.23565
77.77888
51.61478
21.13081
69.21365
39.51817
39.40898
31.03838
40.85491
71.81336
32.56412
7.04909
8.22963
49.1039
79.58594
48.98258
54.02508
59.19429
51.1117
4.2019
16.75187
19.73015
24.16351
43.98149
44.6485
22.3654
0.8061755
73.95802
24.93654
69.7603
27.33674
59.21444
57.3437
2.939691
49.35281
71.33313
6.259392
72.58631
78.69799
53.14951
73.59685
38.51085
53.93203
5.432151
9.557063
78.05611
14.30048
76.15166
39.57054
57.15306
36.22005
5.764975
70.29064
61.7623
30.16363
43.75648
9.835055
13.2378
19.97322
8.860398
73.66525
54.82452
60.77594
11.34591
77.28999
53.15767
38.4617
48.88939
20.89805
48.34073
13.46114
14.76783
79.28088
23.05909
17.38919
9.760864
0.9529858
4.938867
72.28265
10.3039
52.66386
47.46237
1.345172
41.62458
47.46207
65.50265
78.2427
46.7291
19.11886
75.73536
51.6023
53.89676
47.70954
24.10276
76.95734
70.24009
34.90667
73.83939
13.7984
32.86867
10.32577
36.25827
37.40677
8.596261
72.14347
58.99567
46.29626
20.10944
57.24694
12.5384
50.47509
22.8771
37.07399
27.21691
69.40333
67.12732
42.49944
77.48862
21.23581
8.014913
9.72737
29.83494
70.82636
11.0286
0.4656034
3.944078
12.34566
63.73891
36.60178
20.69521
28.72736
8.339627
41.72499
56.01726
16.25768
25.70211
11.54297
62.58301
35.72348
67.53298
78.98135
27.16987
65.67789
38.19274
7.188805
45.48702
25.98606
19.50653
21.77077
12.70645
41.83884
0.8988806
32.03919
8.429567
11.31584
5.728569
34.18582
30.62556
52.96716
34.34457
61.09886
46.07576
5.462382
22.98869
66.61663
77.5613
27.54118
72.60453
49.01064
49.79511
53.68293
43.33283
43.87222
0.8823007
33.02509
70.59746
36.17973
70.82164
56.48298
10.14447
58.01152
35.80463
77.09342
21.36547
70.52259
2.332966
23.43156
35.84308
74.92936
63.81035
25.85296
73.90378
62.75596
67.35074
21.50185
63.79864
51.1867
2.29015
64.40385
4.208611
38.3753
30.9967
55.19308
67.028
34.37448
1.142126
71.48801
1.244699
39.34434
77.17796
5.823285
27.95202
44.10778
4.297071
5.910716
35.27412
38.48202
58.28467
18.75606
1.295157
13.6325
20.22557
61.05135
4.917857
9.734749
33.07159
36.90996
27.60357
63.56866
2.917753
73.4917
51.71917
20.80126
54.36991
22.5968
12.32373
60.04962
49.9603
32.11492
20.96763
70.89654
39.45543
74.05469
12.68673
63.51341
52.78521
52.28388
18.77296
6.609601
47.06472
25.43097
71.57392
49.18766
9.36316
40.4556
75.53001
15.94224
33.50076
15.71276
25.45662
25.64359
35.92835
59.84834
1.822637
26.92418
38.81694
43.95796
70.32735
45.34887
9.068307
27.25319
18.55744
70.35269
20.39891
38.53213
36.96395
63.6373
22.17869
2.730374
64.45262
54.72677
53.93743
18.46452
11.63031
21.06777
30.99636
35.94512
47.82416
22.55238
46.37231
24.71235
0.7326098
42.24318
77.67479
27.08447
27.79394
63.79397
33.38957
22.54551
27.98804
38.87027
74.57077
64.69148
44.57728
49.75489
45.036
61.82304
68.0727
40.33367
77.20268
58.74285
25.11403
22.79035
43.43122
10.57167
66.90443
15.4384
5.483859
45.29905
5.147362
3.138001
4.57364
44.4466
41.78887
2.837391
7.804056
62.33843
36.8994
43.61995
2.38659
57.99205
44.44858
19.09865
10.30307
69.52671
49.61327
5.873457
39.24234
18.06822
2.818658
52.44651
24.91936
15.54605
62.1969
33.3967
26.33277
75.2705
62.47855
43.67734
69.88784
59.36789
2.110291
24.68206
69.85984
19.79432
40.93629
52.14868
77.34175
78.35351
45.70275
56.23464
34.38743
34.79683
15.81308
4.819657
37.27528
23.17824
69.98922
33.32086
8.329805
44.45902
29.80342
28.87026
39.99018
58.26109
30.98043
5.756944
73.08035
70.06325
64.08235
65.92373
23.63541
58.25498
24.65678
1.501953
30.21301
67.87742
54.50899
15.61193
39.55613
28.07513
8.388073
61.33639
68.99904
70.76818
70.5903
22.31124
16.09407
35.98166
49.95954
3.357837
42.50751
53.84642
48.19135
76.92235
34.02335
39.86677
9.790187
26.42174
65.13748
78.7593
63.53793
34.11434
78.46873
63.50397
34.08947
67.80247
60.47889
43.48129
41.90229
14.19364
67.25469
32.91462
4.951536
51.95834
22.24107
3.215684
52.50744
76.42879
14.99284
38.65981
53.89373
32.82806
58.92519
27.38767
8.210348
18.0348
24.76273
31.05967
71.69227
8.731746
55.15109
73.23678
62.75291
49.40175
55.32173
35.00918
70.46935
29.78016
24.55467
4.135627
27.02123
45.41054
42.08926
3.02054
30.66822
1.294064
18.17735
8.208931
55.31958
53.24295
21.94377
65.64491
25.61424
69.44958
72.65799
13.72145
20.22037
24.84848
53.73469
0.5575256
1.063719
25.37256
11.03413
57.88974
46.9146
71.77471
22.0803
50.58784
52.20329
19.87587
32.35235
12.65025
17.7939
54.22423
42.89916
38.78878
73.04091
41.4767
34.66673
32.40244
45.00651
65.2107
49.92771
4.943686
44.1996
23.17408
28.54625
76.91006
47.56617
47.86405
62.83335
41.09499
41.84327
64.6887
9.04341
66.2166
29.26108
57.13456
49.28333
33.77903
63.68371
61.57631
19.92546
47.93423
2.549956
66.29095
4.067164
78.70335
4.471756
31.6013
15.51461
19.25949
14.11824
14.12036
3.543749
15.11289
67.86908
50.76405
52.49955
46.40944
59.94038
52.31898
47.50716
75.04377
62.43472
70.40678
59.87204
1.649842
55.08618
77.94474
32.37034
73.51237
36.13236
8.984458
66.23928
34.25909
2.169187
70.70218
33.03576
33.45796
42.04058
62.79864
44.17722
60.25103
44.73105
69.59115
74.99914
55.15273
2.980112
63.16467
38.96315
48.89845
15.90603
48.12516
5.449305
9.350542
49.28884
29.77541
26.37904
29.7388
31.72983
7.913836
19.09737
15.29672
6.054858
48.64595
1.168208
59.04154
7.988999
39.21172
76.51738
48.13861
45.71843
36.48177
14.92723
3.619681
54.47313
62.02257
30.661
46.0255
79.64313
54.07771
65.48866
28.09524
42.85853
61.4354
38.23042
21.52804
66.06193
52.3788
77.5666
29.21338
5.436974
46.96685
2.759447
20.25689
53.89901
36.60276
40.19563
68.10891
17.11352
51.86543
55.15838
42.74973
47.4931
73.90726
9.765534
72.81902
47.47966
29.20575
69.47992
63.15284
62.22987
33.64281
35.64747
74.63717
59.22155
20.10482
14.64874
38.9028
43.62934
16.83321
77.06398
77.20541
60.50099
55.01163
63.83414
24.14993
7.708919
42.91897
4.183526
74.90442
33.08725
47.14118
78.91859
26.7615
47.52936
26.09927
3.19696
63.98402
66.98346
33.85154
46.23725
39.59988
18.53518
41.63508
45.79838
13.72604
36.42511
34.6156
64.40212
24.68195
1.091215
17.41775
67.42233
48.41379
20.57937
25.78449
54.41642
0.1470374
55.47157
68.11416
40.2413
40.49423
47.84326
34.28803
65.41399
25.34949
38.91292
62.77898
48.94831
40.55058
55.509
10.99543
29.69584
71.02444
50.60742
69.16082
61.15776
16.01351
68.69334
46.68697
5.181144
57.69472
20.23173
54.579
69.41285
20.82923
44.78373
79.28696
10.63165
61.05838
69.84397
4.135407
74.9686
58.6134
52.88583
66.59726
60.36027
66.85556
51.56182
25.63129
70.70328
65.09987
6.069659
0.14246
65.64399
38.42007
68.5396
47.52266
16.2046
39.331
5.778008
31.31346
1.929109
27.92998
32.81909
10.252
0.9917479
35.09822
29.70343
64.9051
40.8139
34.10145
24.68453
14.80087
19.37014
29.71515
1.436879
69.61503
42.72088
41.33856
19.73656
27.59824
51.18261
17.65981
9.126611
54.7826
41.67939
32.35126
38.77139
38.52516
53.91554
51.60437
22.46246
39.65768
32.55956
79.26933
66.63804
24.90637
3.663531
42.14951
46.36942
28.45631
9.545175
69.19862
20.76061
53.25713
25.09364
10.85435
44.50282
18.29571
54.55106
15.09794
60.94359
50.88282
20.12247
72.11508
76.72314
33.11084
24.25396
37.68641
16.80995
33.84154
2.106516
43.49734
63.05423
67.77731
28.98035
49.14719
33.42289
55.95084
26.56005
23.39828
10.04685
78.39908
17.78514
70.72508
76.1567
8.89434
78.85902
67.92681
27.13189
47.73997
39.7056
14.47258
53.21764
27.67089
66.06987
53.14118
77.87965
77.36045
49.49117
48.75326
8.581917
43.10135
66.58663
58.09762
14.33759
48.51861
67.15272
2.51769
51.45661
55.25769
54.06948
18.53922
78.63307
76.77733
70.85805
10.88484
43.51818
55.88935
73.16416
65.46041
24.82605
53.60442
24.27525
63.52613
10.89583
27.37192
41.64363
32.73735
47.89174
55.55932
1.141294
36.55611
78.21707
12.93611
41.83633
74.76543
7.414219
60.46269
1.020364
72.6188
72.00789
29.39007
50.51868
6.89614
5.954768
5.944368
48.85961
39.34031
73.22545
5.971007
33.01982
42.91008
74.16877
73.58593
18.71814
31.24489
61.10877
50.59833
10.02143
34.58201
46.54268
44.05429
38.63886
14.27161
68.78
70.71894
56.85335
1.634677
51.57401
57.56213
2.737796
28.44687
5.267376
34.65248
62.0751
33.62785
40.64957
11.51976
29.8762
26.86607
44.03812
48.9785
58.50855
48.09451
51.85789
58.0894
66.42658
10.86278
17.04394
12.02953
60.2124
40.42051
53.38849
79.03676
19.41841
5.539248
71.98597
55.71841
3.840003
38.88453
34.55203
67.12796
44.66986
44.79625
35.88065
48.24686
14.30961
69.86385
34.87624
18.55234
5.310949
25.97317
54.84426
32.98252
24.55549
13.17936
11.32297
54.56976
23.37704
16.0704
70.38647
69.51048
24.77665
65.43818
35.06463
5.777556
35.34895
38.11767
36.89702
74.7291
14.1918
19.48342
63.98647
3.435256
8.436285
44.5872
39.66468
19.78471
29.39759
40.75947
1.213829
14.51054
39.30369
1.590697
68.6941
55.02383
38.23346
65.83335
49.53562
58.69022
36.53049
52.17767
48.72328
5.832365
57.65553
5.198563
37.14972
28.06456
75.51755
27.44558
27.14722
47.38552
39.45838
74.5984
56.00824
51.20711
22.01097
65.07664
58.47238
48.97213
17.55351
51.13713
71.77686
62.76677
32.16502
44.92154
49.36978
35.83801
44.46394
57.08965
40.4704
17.04585
15.94299
17.13215
51.2132
63.27031
2.314894
73.54301
26.80463
35.41177
9.523735
37.52523
56.12416
24.09142
24.63703
7.189618
26.36178
61.54389
73.8863
64.75701
51.8804
60.17084
71.19663
34.02653
73.36185
1.586845
41.41482
74.87007
55.90612
46.91882
24.71361
48.75461
8.894832
40.26186
27.34623
45.34956
23.05511
26.29846
41.60978
77.07648
55.25618
0.0638004
47.90334
29.98845
69.33947
12.64609
47.58215
58.80928
30.02309
34.83186
60.67016
8.587897
74.24886
60.98209
72.09985
28.86986
50.2684
22.25075
45.25373
26.21417
60.31825
62.97593
43.79103
42.84535
55.07961
61.20576
44.15502
62.93691
7.01579
57.98754
34.22178
76.32462
38.19973
30.31478
5.888841
41.16404
63.15726
7.171272
60.45522
47.30618
10.0754
56.19685
47.53973
3.534427
39.48043
51.58996
59.65057
18.42166
41.42056
24.29918
43.40175
0.6969889
52.86642
39.37664
54.14401
72.9882
13.81549
26.38368
5.437279
59.2715
21.84596
34.77035
10.90249
14.96718
66.01557
33.47642
0.8771517
75.30685
30.31701
53.33254
7.954784
6.712342
19.7172
69.72382
24.63342
64.8302
71.18349
78.53602
49.77456
65.01727
69.97445
60.74305
26.30046
44.29089
46.02477
70.05138
7.586946
65.22551
26.47119
64.87262
36.81189
71.15697
9.727458
76.54641
51.48858
4.431971
18.78279
40.05323
18.48274
39.06654
44.27422
43.9125
63.96392
76.3692
49.31248
15.76296
24.37536
1.738795
68.03896
54.56863
78.4758
70.98455
1.154525
69.69263
53.98343
77.04464
64.57527
26.2668
40.44047
31.59828
33.89542
79.91019
64.23007
11.76424
0.6751768
50.39811
6.573931
57.67565
25.51237
71.05159
28.97341
22.90541
0.329359
33.60316
36.44961
50.77309
34.74895
60.96375
23.57564
65.8371
44.20234
7.236304
55.53975
55.97678
23.50483
47.71344
63.7556
38.69049
58.19875
15.84129
46.84849
28.67758
22.45643
52.73053
54.324
32.91683
10.57729
33.95194
12.0893
11.70106
79.28346
27.51194
35.92261
21.34456
4.156188
72.79913
49.21293
8.50021
37.73822
46.59484
43.89499
64.56941
10.53623
78.89841
37.51187
48.446
65.33001
38.26313
30.78064
16.53269
49.82864
28.50186
79.68978
62.53959
49.24206
4.189468
43.35531
71.03113
78.47014
26.38742
31.48582
66.14119
12.41941
12.777
43.03033
16.30863
57.79332
39.37381
61.50193
20.98896
48.00617
67.49915
71.1585
26.52225
67.21244
71.82222
24.27749
34.01914
4.000873
19.91086
46.88954
8.903604
18.89452
27.36438
11.17455
1.755469
13.65914
29.94247
6.606479
19.2876
43.79322
36.08824
51.50836
58.5683
77.0539
17.72985
4.260146
61.06581
34.43315
56.46144
68.50713
22.01309
26.11932
72.97639
35.04575
78.80601
55.84529
13.02365
5.056218
63.79941
22.68108
13.01077
48.72413
22.57034
20.21586
58.0433
59.0178
46.95784
59.56337
6.069666
30.08047
5.124592
35.97894
8.703129
75.16159
46.97934
12.3949
0.2036591
61.99393
7.306216
42.17145
14.56753
72.01725
12.14182
47.07909
76.53805
54.72805
20.27329
32.54389
54.76846
54.70281
8.459289
48.67191
42.32966
38.87491
10.94021
62.54378
79.95607
40.76022
33.50344
72.27446
12.5706
55.56728
38.55238
1.87392
65.39974
73.0045
35.44017
52.26493
56.61297
59.50986
53.80668
15.33329
34.31486
8.345351
15.79535
24.57586
76.93259
62.76686
71.36657
56.28219
41.77608
59.89335
23.89518
12.22533
14.82559
22.31899
3.849165
62.25632
27.58797
11.72587
15.23932
58.76597
25.04896
48.60384
67.3362
50.0988
47.96958
2.908252
58.73067
14.2903
22.38136
62.84326
4.286612
61.37623
15.81667
22.1875
58.79166
73.85481
7.547344
54.53157
76.07262
78.41551
52.08056
18.32994
51.18798
55.09572
7.414954
0.7417187
45.16398
20.93637
53.82561
30.5163
28.34628
2.539043
10.82422
46.59966
37.99877
50.94607
72.08509
12.40725
75.97253
18.52516
77.47401
10.54859
0.6112814
10.14455
65.55177
29.88258
47.71266
32.88977
0.07866461
34.38509
9.016134
36.0117
64.46078
10.68874
46.98124
48.32475
71.77702
4.357655
41.07461
25.50824
21.10217
79.91234
77.97569
55.17151
26.51051
17.87036
66.3192
15.8259
62.01225
3.172781
48.5664
4.597363
28.08239
47.68905
50.89321
52.18346
21.43962
41.79076
25.48448
44.22747
58.85668
19.23704
75.69941
66.11936
78.85898
73.70425
73.93014
49.28994
68.48009
21.62481
16.71963
46.0114
71.05723
37.56871
79.02744
48.67093
12.24478
65.71756
13.33615
49.98604
74.43006
18.19601
20.45181
74.87546
50.68267
71.3458
64.33681
67.13253
49.17815
10.5613
6.988067
48.49883
57.56442
46.22084
11.31316
27.29748
25.34641
33.57081
60.31947
56.44503
53.15019
63.62977
42.16773
53.03444
29.1753
9.078818
36.9461
42.079
63.6067
62.44846
2.113992
20.77881
21.36468
59.23577
19.0687
47.57615
41.68789
70.09974
11.71258
74.35277
41.79438
32.64838
66.70068
3.418491
45.06634
77.64621
44.59865
17.13432
61.33526
6.291725
70.91324
67.84504
9.215902
39.89511
62.41393
59.40163
72.43983
18.21445
24.53584
68.41518
54.23173
48.88971
40.81933
19.68364
4.752869
71.43726
49.5425
46.16687
3.479875
26.44817
5.12223
34.9347
42.27326
4.337532
11.34704
70.53578
35.49691
27.79444
1.772047
67.69198
62.32543
57.08387
33.98955
72.80681
34.86381
9.956223
67.931
45.41155
71.29599
62.6046
71.66674
74.24616
31.86993
23.63639
63.1332
16.72859
45.26605
16.25215
71.27048
8.282337
68.33367
54.43837
29.19617
6.485994
54.54345
50.15286
6.030498
64.03165
71.92938
8.933287
58.01079
31.41993
69.32122
1.030423
73.45127
77.03474
63.26938
62.22892
13.11852
60.96088
43.93838
4.304102
8.906015
77.67636
75.24044
69.61854
44.84199
14.97333
30.28762
2.746581
35.72748
68.298
73.99853
78.95584
38.571
19.31502
69.28656
43.66111
4.420448
15.34941
15.20296
22.89567
56.41164
61.54611
16.32192
44.26453
58.88024
0.7761964
46.2934
42.92631
3.783299
78.35578
61.97506
27.85473
55.36221
72.05528
66.50757
53.20453
23.91552
8.172907
36.65462
18.87195
39.02102
35.16307
0.4033043
49.0182
20.72797
57.00912
26.34881
63.11248
30.49919
48.8035
46.77663
1.86262
38.75017
51.31163
11.96873
54.67912
27.78232
28.24001
11.50441
48.04648
18.1527
77.15967
22.61335
78.09072
78.78004
4.647138
11.28382
70.36687
27.0136
15.20901
23.50827
37.72704
67.46216
57.70316
14.89856
6.861584
33.28468
14.55334
17.11904
50.3214
37.87587
30.98811
74.46581
74.21938
60.27609
1.605435
19.45337
29.89378
64.95141
25.99864
11.57501
56.91544
12.24313
69.96217
68.63343
13.03829
17.86068
28.84523
19.92549
1.61284
37.05194
26.90195
62.51545
61.07881
0.7559761
23.5667
39.57496
20.03801
58.73567
25.06137
37.38535
77.97695
48.23585
2.994068
38.24171
35.48877
45.55143
70.33247
10.80212
78.82248
70.93281
72.2432
19.68716
49.24984
10.53468
54.10089
73.47404
40.46552
17.47702
37.24564
30.29024
22.33515
14.82085
35.53806
15.34167
20.18908
7.51743
3.583768
22.27658
26.19399
13.4456
14.6357
65.08619
54.15088
15.12167
33.39742
35.70376
57.30449
78.78476
45.42343
43.61842
35.15256
48.93877
31.61279
34.71634
7.921908
42.30475
5.883329
63.26559
48.1769
29.32088
66.19983
15.21601
38.19521
16.68256
74.66194
71.12556
53.73483
74.63998
43.73801
79.87003
70.52717
10.6318
27.47787
2.389459
27.08086
19.04943
61.80475
56.64359
52.97523
28.70521
56.71029
78.3598
35.23466
59.61766
1.205057
57.72729
52.14096
1.545648
41.80742
9.677013
55.81711
49.61947
31.7892
36.66945
45.1533
39.37837
55.4158
5.567726
40.92175
6.981933
36.28769
56.15527
37.65846
33.52837
77.22134
21.56425
65.82092
1.989286
18.01715
21.80382
35.88619
62.38893
68.0548
22.52033
57.14978
18.90688
23.2966
74.33551
35.40722
11.49971
47.89422
79.22734
1.554312
33.41644
20.19333
36.50489
55.99612
68.53254
77.96215
22.68031
42.54543
49.13468
9.673037
45.25367
78.24365
59.80646
22.60474
20.00545
49.54736
61.54475
39.01434
70.25057
49.88034
61.63775
21.72119
31.51701
11.50535
36.08157
56.06382
47.37627
77.82884
19.16062
19.77182
34.35241
46.77157
18.03254
57.92438
79.17737
25.89129
52.1399
79.80784
30.95413
36.7831
20.24995
40.00364
37.92585
62.86098
60.06534
18.60115
53.20591
38.7133
23.6641
35.46659
25.84099
77.44444
24.33756
57.66362
69.58139
24.43536
44.64082
31.90701
42.9589
31.87929
7.47259
63.01985
51.31561
69.72249
60.33525
60.37123
1.700764
57.11719
32.37958
51.57724
56.19138
34.47706
41.27695
6.942792
15.15522
48.9793
66.49136
23.7099
43.66116
32.94362
48.90451
32.63672
67.8463
27.51356
36.58019
79.95742
38.29193
16.16793
69.54481
8.758891
20.73018
37.55811
4.023129
1.797407
32.54433
32.37052
5.451777
25.08707
9.758157
51.71368
64.7537
36.72633
78.60402
46.14234
57.54403
47.03997
57.73236
64.70432
58.75183
62.23024
67.1554
8.870631
35.9181
63.19397
69.26201
31.35524
7.829811
34.56702
26.74008
39.37304
27.23312
41.24725
45.65649
40.01573
12.81894
52.66411
60.0096
0.5806644
78.45135
46.92214
3.501506
48.16757
64.40791
61.9057
77.05424
59.11184
51.03123
69.15789
61.67812
35.24613
53.64403
67.62597
27.26606
10.24963
16.10282
50.22908
26.77169
46.28137
21.2895
55.05301
57.73577
65.16874
77.6028
31.34875
60.04046
51.71122
20.98425
8.689512
48.57281
24.46577
8.352816
33.61032
28.87461
66.67646
65.82088
29.92167
66.78528
58.84389
5.652634
65.71016
44.84113
8.354343
9.138716
15.36066
12.28415
76.54321
69.83271
2.468279
3.313244
1.251864
63.44426
67.22035
79.22774
6.208275
48.37724
45.66739
8.947847
7.913571
28.98117
57.75335
11.66199
21.57984
1.457562
51.14976
12.421
17.87547
26.56831
34.86225
25.15685
61.06027
64.08856
20.69165
23.66253
23.05868
79.64356
52.82729
59.4902
69.90022
12.84785
18.24846
57.96099
42.42494
22.40636
71.98386
19.45048
35.85814
41.61992
27.00156
0.9295049
33.37948
11.27302
35.68104
44.00989
33.24044
79.97914
32.62274
65.37304
71.19277
50.15267
0.215426
51.13103
36.32531
24.079
77.89546
43.12683
36.48839
57.90297
25.88971
73.71979
35.02354
17.87066
52.33515
41.55481
48.85
75.77561
36.92951
23.48909
10.44023
8.997137
52.80386
55.14446
3.61882
15.88586
30.94017
57.18324
24.97438
1.922333
12.06469
71.05318
79.62575
5.762195
23.48821
66.70372
22.27885
0.2348993
7.66025
55.1145
28.68061
51.65579
68.88666
59.45629
51.87395
27.43528
77.08807
37.98318
7.2222
34.78876
3.407176
21.53402
53.22481
31.16719
23.58244
42.52032
7.219079
49.15498
32.2935
66.23857
1.451205
27.11404
11.01661
60.60505
18.76546
9.045114
16.59984
60.21528
19.4908
21.13981
58.26682
13.14781
30.99748
3.449663
27.68701
25.52832
51.24281
1.793385
48.00793
78.39831
69.08177
77.31326
30.68882
26.03084
28.55126
17.45319
52.14558
66.58279
29.6911
1.078444
24.31863
50.00867
64.79429
54.88676
40.37909
65.62331
63.87095
52.11868
1.163161
23.42838
21.35425
17.78093
6.006903
67.00075
21.24969
69.67874
77.72249
8.812592
48.70167
75.15908
0.1370906
4.374696
1.982162
72.09954
77.83186
55.88669
8.044686
55.29979
53.24584
22.75994
72.59656
41.78558
40.85501
9.419956
77.82388
13.21271
23.39562
54.21452
59.41605
16.47907
20.85243
49.25083
39.6562
35.21929
25.40018
20.45604
36.65361
72.91561
19.50237
26.01901
45.62274
71.22623
38.4859
1.521226
48.28944
50.8328
71.18644
3.425279
7.938657
16.51443
34.86146
6.719077
24.5543
0.8930162
76.43453
15.57248
32.78205
2.417954
78.26722
54.31304
20.15835
7.917693
22.7114
43.54001
0.3627426
73.92232
68.83895
61.67056
65.71023
76.33454
43.68891
63.53297
28.47191
38.31131
28.42038
22.00181
74.73504
16.86072
57.95284
4.98636
73.74326
5.073589
8.474735
12.0868
75.30714
65.71406
17.62729
32.4469
0.8798925
22.85435
45.09562
73.38519
38.9012
62.15722
4.28807
7.662483
12.91196
18.87922
35.3696
12.90871
28.92313
64.76617
25.86906
78.90439
5.625229
49.16176
3.643814
54.15314
21.96621
57.3946
9.499769
20.25381
2.835826
36.41856
9.791991
56.25391
20.61278
5.112803
32.52264
36.96032
46.19351
78.13787
9.85396
56.16132
39.6298
63.63864
4.737334
40.27681
63.4926
75.01276
65.64507
62.9544
21.08312
13.22396
15.76188
53.19499
62.11048
70.55601
69.60362
74.77884
77.09319
51.42261
21.68336
4.087479
41.00757
61.41112
9.675373
70.40591
76.44234
10.6602
11.55964
54.31553
33.51398
40.50483
48.26134
73.5111
11.9817
1.192034
28.12383
31.62507
39.46278
28.03034
31.75462
12.98161
53.5217
54.1929
73.05404
52.28641
12.58164
25.97542
57.37712
51.70475
17.08581
38.28526
8.344269
22.31198
64.28736
2.144918
59.5347
35.93033
12.24611
35.5305
53.93219
56.44796
38.19749
25.80078
66.06457
42.04719
37.58297
33.89532
7.713629
74.72281
19.87658
77.68807
75.60472
36.05456
40.75441
53.98198
40.00957
40.46182
41.57942
57.64931
23.15896
12.36038
37.14535
72.13487
64.63805
56.32326
60.92467
66.52864
62.30085
48.73287
68.79767
38.10704
64.86522
43.74136
17.57012
39.02935
64.57877
3.48111
52.72498
65.90125
77.95994
28.39302
40.058
56.20844
18.49101
63.09282
47.44623
74.28515
79.7195
52.71138
15.45967
79.49216
64.49242
61.04675
45.9982
61.51077
36.16675
8.256964
53.62821
56.67459
1.825252
56.39563
71.18212
11.21885
54.56118
54.12366
19.23383
76.86828
69.41646
59.83919
70.06471
54.53369
14.4458
57.4993
12.14766
8.384737
48.31521
71.27706
56.31679
46.79017
67.28841
38.72138
66.23489
51.36766
27.91554
16.40025
33.13433
58.32495
19.93709
0.0683723
9.859877
79.29612
31.33306
0.1464811
42.19264
67.10482
50.59604
52.90332
72.61297
76.4032
26.63225
3.298094
68.32584
31.73266
54.88795
64.35088
8.026053
41.99424
26.43799
30.0821
34.32544
60.24808
79.47638
46.18871
73.84499
21.29592
21.73549
29.994
5.947689
70.99148
65.00724
51.09063
42.42763
38.39643
10.05425
1.996337
44.12645
0.6728369
45.03559
55.84602
72.83375
38.26219
17.50458
52.18728
13.07815
2.19524
53.32975
17.50784
5.6193
27.94541
57.59588
78.86621
32.25622
24.68828
24.76554
56.83598
34.0137
62.27384
39.34389
22.6073
24.16977
2.175299
77.38368
55.52728
59.14196
38.45526
74.23725
50.23836
27.21125
44.37136
15.48228
5.117745
10.79302
55.96781
47.72119
38.58295
6.035821
75.46942
2.632227
65.41815
57.12557
62.04674
32.50598
19.02341
28.53941
10.9487
53.29714
27.5852
70.88698
26.85925
78.14257
75.14846
16.8299
2.322137
34.22309
20.95515
58.29208
30.17054
39.83057
45.26075
72.89623
33.90709
67.97342
52.7897
66.75271
24.88373
75.44491
31.88465
1.055251
12.80413
7.645474
28.8682
36.10905
4.868356
51.90133
45.26991
63.26486
57.27965
54.33096
69.94385
16.91035
37.27936
42.87967
36.98997
73.38096
27.08291
8.917913
13.92757
50.175
63.0367
57.98297
71.79737
7.593215
16.11592
60.10054
63.64776
21.23491
71.22495
1.541367
72.17662
74.08703
50.2198
72.73468
26.88454
34.50744
78.43271
60.53926
10.51834
0.6921253
7.009357
22.17058
74.04197
1.527763
38.99386
50.7887
45.41525
78.08891
34.17887
47.19719
16.9096
47.59372
22.31271
17.39823
71.34767
12.97385
55.73468
10.87443
25.35303
16.56779
36.18476
71.73642
72.56055
32.80709
66.88752
4.262111
76.84645
21.54202
7.070491
50.94911
24.42369
5.831101
22.73829
71.7855
11.84005
63.40927
9.310179
79.97178
34.96274
6.630754
0.3597497
73.98509
3.202962
18.54816
6.866531
8.645011
60.53972
38.56314
14.18135
43.24915
43.45928
73.15787
22.87651
21.1712
58.83071
60.13133
3.408777
8.366032
37.88606
72.45746
63.62181
14.15929
27.59248
30.07553
54.93137
0.4901987
43.98319
5.887678
69.77765
27.77756
56.36668
63.35827
30.6071
19.60933
4.07528
35.72044
14.98042
63.56541
37.34535
44.6721
29.31558
2.794176
64.30778
62.32551
21.31716
33.82099
10.8623
7.270272
75.9107
9.868247
65.20632
14.62864
78.39735
40.76553
22.22787
74.25359
24.24722
55.99272
20.5378
68.81294
1.118049
65.77794
69.13553
39.64834
71.36289
66.91382
16.56449
12.34685
50.84184
21.86052
24.69276
56.26696
9.048754
52.54882
75.25131
28.13449
3.819382
13.77733
26.37196
69.4108
37.69566
77.40561
24.27389
45.36838
69.29157
1.880685
39.14366
32.81796
0.03003975
1.691943
77.28578
31.42406
49.21259
44.08672
43.18973
33.26645
62.97718
24.8533
35.81187
64.1829
36.9057
12.27984
0.8022363
49.53239
65.27255
41.04916
39.8499
61.77641
22.45482
78.40837
66.45924
70.90002
79.22645
5.911611
33.21671
19.20278
49.94608
25.06705
78.40362
9.471328
79.48476
79.09464
73.69974
79.47051
24.42407
18.37477
20.89436
39.4632
12.6825
19.58663
39.33471
68.21338
42.20636
34.86136
1.846834
60.84054
44.48928
13.60393
19.14736
43.11275
46.64173
35.77857
26.2053
66.04802
35.05991
18.80629
13.14512
46.55906
13.04327
9.199669
69.94357
28.91691
56.47105
8.076191
50.28396
27.44768
26.62264
7.386722
76.95136
62.60988
14.39272
21.15832
77.76171
50.77906
41.63442
22.17331
0.6446228
58.98914
62.2543
73.61134
11.12575
52.45481
18.53529
12.48484
48.51979
47.45123
54.5152
44.54318
61.87783
15.05288
4.434877
69.96858
64.63378
38.20189
15.95471
75.25374
0.5287651
7.943605
22.23041
30.36192
45.75558
65.08335
10.50277
46.7451
25.26724
26.59925
23.49286
12.45604
74.84393
75.79803
52.04431
21.27498
78.21963
78.26217
68.40401
70.89171
50.97721
72.41699
11.95971
6.279383
64.56455
20.88102
15.45455
45.97289
17.83487
35.64294
63.71347
62.75097
67.77918
66.93757
67.31002
37.37092
21.75696
74.15184
53.60484
31.78042
61.81694
51.02671
66.55633
3.690127
18.73853
49.78443
37.74632
46.10394
55.6088
68.16173
1.182377
51.10112
35.3306
39.61692
16.47628
56.83263
38.14899
42.05607
72.86253
78.31321
22.72865
61.51361
59.41449
4.271063
5.196883
2.100773
79.16857
41.94515
47.00515
58.86811
23.78556
29.69636
75.9763
75.59281
23.40298
31.1926
10.19431
75.4341
35.77965
16.90194
31.05067
67.6627
23.92064
11.27689
17.69565
61.96817
44.68309
76.31345
68.42639
39.79648
26.07514
70.45895
77.24523
6.022816
20.23213
16.43842
75.41784
57.33171
55.47138
4.483079
58.88671
61.87295
71.12354
65.82342
75.83952
7.520649
9.817585
53.35674
73.64538
67.09287
18.95805
32.41725
14.61242
52.95617
66.86694
35.65124
2.796394
38.23855
25.46724
67.338
63.50995
71.64422
79.8708
12.34714
50.31075
39.56852
12.26807
6.228144
15.43501
0.2850037
67.51401
74.71841
73.09876
50.20971
12.50418
76.58149
59.67345
74.77109
43.02309
11.35728
30.98419
58.82619
21.83651
2.999288
44.67314
66.00978
57.33963
42.85413
32.90108
15.44233
52.9601
76.40647
26.27495
71.85403
24.49288
31.91382
57.0292
70.61239
44.21419
20.76214
34.28275
35.19202
42.59639
47.89618
63.57717
22.22707
67.61534
50.25066
35.78839
46.64985
55.31522
73.67967
2.596214
74.99659
77.24695
32.37393
26.04551
21.20064
14.28143
63.40606
54.47972
34.35793
55.04728
15.93635
60.6621
57.38503
14.52341
22.56895
36.12062
13.25783
11.27704
25.42794
20.34378
72.61171
36.87537
23.60607
51.78893
38.001
58.15842
49.13084
12.27421
15.81474
32.31185
49.75659
18.15411
48.01405
71.69537
50.37107
41.38159
76.58546
70.99927
41.10239
23.81034
44.2802
8.550815
4.836878
57.37537
46.72342
52.30798
55.65334
9.178188
58.64966
49.05785
33.6506
79.77327
30.58224
64.27029
8.655606
45.31579
34.28863
75.98352
36.07918
0.9130549
67.61633
40.67551
67.96583
69.75823
2.72307
10.10654
51.64683
67.72761
48.53323
47.04619
26.05076
67.38359
33.6117
62.26934
24.55966
28.47038
25.0646
78.17271
26.50542
51.98582
57.9225
67.69512
46.34281
12.95969
1.048951
40.22816
12.55326
64.11652
34.58042
33.4698
61.45206
10.91043
0.6135839
48.62486
55.87454
31.59888
0.7287612
11.62885
62.27419
7.650043
48.32655
57.0112
79.04696
2.052229
28.4344
1.612932
5.758685
53.74496
6.740577
9.822511
44.53902
44.87398
75.18973
53.66777
56.34792
27.12478
67.43259
6.305046
9.688387
12.93121
18.8745
2.704472
29.41178
54.4389
71.73249
70.10123
15.29682
50.91606
78.87189
30.48396
69.99251
40.98213
44.63913
53.56837
12.57522
11.95804
38.3765
53.31544
59.33194
3.642491
47.67878
4.235612
47.23176
47.04524
1.086252
48.17024
74.20811
37.60653
12.8421
21.57618
19.81288
8.385078
74.10917
2.942526
70.78281
34.35373
3.54569
55.74397
74.18517
52.77565
69.23241
43.36083
57.95931
54.07241
12.93473
6.79636
73.68158
62.81901
39.7651
51.83032
57.08236
11.54159
15.31686
23.02205
58.62358
73.2486
20.6181
60.80811
35.77348
46.48724
4.509119
40.73781
43.8465
73.66053
56.93449
0.04643949
66.43039
56.52768
72.6487
4.87995
67.29252
8.598811
68.55918
57.79505
78.65945
52.44325
68.86
24.30981
56.05844
44.38431
27.64046
7.873263
51.44606
74.00495
40.30604
15.06995
36.41515
38.43733
25.98705
74.77444
3.075283
75.54206
37.51094
40.70026
5.128036
19.2127
50.1844
79.33482
55.99389
71.62509
33.72302
43.12705
76.66227
21.66549
76.38517
22.08114
73.41346
17.85982
57.54228
47.52786
77.03085
25.90803
57.54908
75.11853
22.49401
45.06301
44.00321
71.1583
39.71355
52.42735
20.42609
50.80025
45.70758
62.70715
8.288449
46.88204
8.800166
13.37429
61.08391
75.14651
6.988732
0.8694738
69.57605
33.92258
53.17779
16.13048
12.17307
77.30938
2.634384
62.8681
15.52138
43.25592
71.35863
23.60937
57.62433
72.54266
36.49169
44.59113
14.76644
57.62975
63.09315
39.36235
14.78597
60.11298
24.76635
34.63683
11.00482
15.01935
13.94443
48.03053
30.1352
62.72955
10.92105
59.25095
20.09377
14.16818
6.133785
31.05178
14.29
12.60562
74.8562
22.1454
5.721558
9.749894
45.56648
54.40219
15.94085
49.7737
31.22045
75.93062
69.57686
7.637279
36.0825
33.7222
56.77536
2.300915
9.699998
10.59801
52.113
54.49903
76.36866
78.47885
78.82797
17.03816
78.43077
7.032954
72.59524
32.45697
18.14459
78.7346
36.77611
31.8572
28.60543
75.05281
51.18798
6.133342
42.53228
61.80805
0.4061604
23.47621
38.88012
74.56704
49.02977
37.26577
77.96331
74.75952
0.14509
64.92555
44.67082
65.70387
5.494057
69.52983
38.53453
37.61339
10.40056
62.67852
71.33077
26.15147
3.820421
8.986796
37.18082
36.94825
70.862
76.95644
16.57869
20.89298
3.931138
71.72415
30.70246
74.23105
78.72746
12.66675
51.83166
54.10362
59.62395
73.77536
55.16492
44.06818
33.29829
71.20248
48.17101
20.38106
39.87913
33.4028
0.9893257
47.34639
65.15185
37.70126
63.0436
41.99114
46.83691
47.01295
29.159
54.18835
18.14066
26.13525
73.38004
12.20851
42.36381
68.79201
5.01023
2.286396
31.60833
24.29827
52.55263
1.440587
71.76371
6.987862
68.95323
30.91819
58.40589
68.15205
69.50127
40.0545
34.90425
41.81387
71.49759
32.51412
70.81713
22.6056
46.10334
60.59431
77.40965
11.90003
25.04345
4.972205
43.428
59.22302
43.33059
53.0774
37.09323
21.29715
1.134451
48.29392
14.41239
16.64394
65.61024
20.90699
69.43205
0.3712305
8.745899
10.71917
6.868324
70.23075
41.76342
21.99929
45.06944
74.92305
3.834794
47.54544
16.26851
60.229
63.21988
51.56813
33.02804
49.90553
53.53431
61.13894
20.16625
9.478614
40.57102
25.92521
75.70292
32.43496
52.65823
60.55428
38.67785
77.33378
34.67175
76.7008
21.48159
3.710738
38.79665
68.33606
56.83743
64.78432
65.01351
23.10416
1.98395
59.30633
19.15365
30.20314
18.42613
44.97989
2.683373
10.3023
15.82419
16.07741
26.22961
42.72728
68.40016
54.25915
58.02743
69.86705
54.88603
19.07961
57.75237
28.54821
48.23636
29.01373
18.02547
10.28128
29.86637
71.25641
13.96743
24.92891
16.88345
27.62557
63.578
10.49794
21.24865
6.769074
2.912066
48.63907
45.08551
7.339553
60.20448
21.15482
24.71314
55.8012
29.11724
16.34356
33.66707
17.49851
66.03443
19.13648
27.20086
52.50994
64.81435
27.98187
59.43934
40.16961
65.32802
40.53015
77.18853
8.359573
75.61462
10.36396
17.83405
4.041437
7.892373
44.77698
11.81906
72.87204
24.71329
28.28717
58.89964
5.798281
41.40154
15.27956
20.89269
35.37038
22.5796
57.08232
75.58493
78.60353
56.78739
35.26725
46.22822
22.43013
42.80989
35.69936
70.27585
53.15267
0.6166257
69.50045
42.9985
75.61741
54.43791
41.08812
67.44438
25.14183
77.45469
11.21871
46.58669
13.10155
51.33918
16.36659
4.276567
60.95336
67.2392
54.87015
46.01413
55.59914
8.197056
67.77172
62.8582
47.89716
19.04066
28.05419
42.9799
8.689999
35.09697
39.71292
38.18963
5.114427
10.81071
58.59917
66.27404
54.42936
14.27789
24.85727
86.85518
86.85518
86.85518
86.85518
86.85518
86.85518
86.85518
86.85518
86.85518
86.85518
86.85518
86.85518
86.85518
86.85518
86.85518
86.85518
86.85518
86.85518
86.85518
86.85518
86.85518
86.85518
86.85518
86.85518
86.85518
86.85518
86.85518
86.85518
86.85518
86.85518
86.85518
86.85518
86.85518
86.85518
86.85518
86.85518
86.85518
86.85518
86.85518
86.85518
86.85518
86.85518
86.85518
86.85518
86.85518
86.85518
86.85518
86.85518
86.85518
86.85518
86.85518
86.85518
86.85518
86.85518
86.85518
86.85518
86.85518
86.85518
86.85518
86.85518
86.85518
86.85518
86.85518
86.85518
86.85518
86.85518
86.85518
86.85518
86.85518
86.85518
86.85518
86.85518
86.85518
86.85518
86.85518
86.85518
86.85518
86.85518
86.85518
86.85518
86.85518
86.85518
86.85518
86.85518
86.85518
86.85518
86.85518
86.85518
86.85518
86.85518
86.85518
86.85518
86.85518
86.85518
86.85518
86.85518
86.85518
86.85518
86.85518
86.85518
86.85518
86.85518
86.85518
86.85518
86.85518
86.85518
86.85518
86.85518
86.85518
86.85518
86.85518
86.85518
86.85518
86.85518
86.85518
86.85518
86.85518
86.85518
86.85518
86.85518
86.85518
86.85518
86.85518
86.85518
86.85518
86.85518
86.85518
86.85518
86.85518
86.85518
86.85518
86.85518
86.85518
86.85518
86.85518
86.85518
86.85518
86.85518
86.85518
86.85518
86.85518
86.85518
86.85518
86.85518
86.85518
86.85518
86.85518
86.85518
86.85518
86.85518
86.85518
86.85518
86.85518
86.85518
86.85518
86.85518
86.85518
86.85518
86.85518
86.85518
86.85518
86.85518
86.85518
86.85518
86.85518
86.85518
86.85518
86.85518
86.85518
86.85518
86.85518
86.85518
86.85518
86.85518
86.85518
86.85518
86.85518
86.85518
86.85518
86.85518
86.85518
86.85518
86.85518
86.85518
86.85518
86.85518
86.85518
86.85518
86.85518
86.85518
86.85518
86.85518
86.85518
86.85518
86.85518
86.85518
86.85518
86.85518
86.85518
86.85518
86.85518
86.85518
86.85518
86.85518
86.85518
86.85518
86.85518
86.85518
86.85518
86.85518
86.85518
86.85518
86.85518
86.85518
86.85518
86.85518
86.85518
86.85518
86.85518
86.85518
86.85518
86.85518
86.85518
86.85518
86.85518
86.85518
86.85518
86.85518
86.85518
86.85518
86.85518
86.85518
86.85518
86.85518
86.85518
86.85518
86.85518
86.85518
86.85518
86.85518
86.85518
86.85518
86.85518
86.85518
86.85518
86.85518
86.85518
86.85518
86.85518
86.85518
86.85518
86.85518
86.85518
86.85518
86.85518
86.85518
86.85518
86.85518
86.85518
86.85518
86.85518
86.85518
86.85518
86.85518
86.85518
86.85518
86.85518
86.85518
86.85518
86.85518
86.85518
86.85518
86.85518
86.85518
86.85518
86.85518
86.85518
86.85518
86.85518
86.85518
86.85518
86.85518
86.85518
86.85518
86.85518
86.85518
86.85518
86.85518
86.85518
86.85518
86.85518
86.85518
86.85518
86.85518
86.85518
86.85518
86.85518
86.85518
86.85518
86.85518
86.85518
86.85518
86.85518
86.85518
86.85518
86.85518
86.85518
86.85518
86.85518
86.85518
86.85518
86.85518
86.85518
86.85518
86.85518
86.85518
86.85518
86.85518
86.85518
86.85518
86.85518
86.85518
86.85518
86.85518
86.85518
86.85518
86.85518
86.85518
86.85518
86.85518
86.85518
86.85518
86.85518
86.85518
86.85518
86.85518
86.85518
86.85518
86.85518
86.85518
86.85518
86.85518
86.85518
86.85518
86.85518
86.85518
86.85518
86.85518
86.85518
86.85518
86.85518
86.85518
86.85518
86.85518
86.85518
86.85518
86.85518
86.85518
86.85518
86.85518
86.85518
86.85518
86.85518
86.85518
86.85518
86.85518
86.85518
86.85518
86.85518
86.85518
86.85518
86.85518
86.85518
86.85518
86.85518
86.85518
86.85518
86.85518
86.85518
86.85518
86.85518
86.85518
86.85518
86.85518
86.85518
86.85518
86.85518
86.85518
86.85518
86.85518
86.85518
86.85518
86.85518
86.85518
86.85518
86.85518
86.85518
86.85518
86.85518
86.85518
86.85518
86.85518
86.85518
86.85518
86.85518
86.85518
86.85518
86.85518
86.85518
86.85518
86.85518
86.85518
86.85518
86.85518
86.85518
86.85518
86.85518
86.85518
86.85518
86.85518
86.85518
86.85518
86.85518
86.85518
86.85518
86.85518
86.85518
86.85518
86.85518
86.85518
86.85518
86.85518
86.85518
86.85518
86.85518
86.85518
86.85518
86.85518
86.85518
86.85518
86.85518
86.85518
86.85518
86.85518
86.85518
86.85518
86.85518
86.85518
86.85518
86.85518
86.85518
86.85518
86.85518
86.85518
86.85518
86.85518
86.85518
86.85518
86.85518
86.85518
86.85518
86.85518
86.85518
86.85518
86.85518
86.85518
86.85518
86.85518
86.85518
86.85518
86.85518
86.85518
86.85518
86.85518
86.85518
86.85518
86.85518
86.85518
86.85518
86.85518
86.85518
86.85518
86.85518
86.85518
86.85518
86.85518
86.85518
86.85518
86.85518
86.85518
86.85518
86.85518
86.85518
86.85518
86.85518
86.85518
86.85518
86.85518
86.85518
86.85518
86.85518
86.85518
86.85518
86.85518
86.85518
86.85518
86.85518
86.85518
86.85518
86.85518
86.85518
86.85518
86.85518
86.85518
86.85518
86.85518
86.85518
86.85518
86.85518
86.85518
86.85518
86.85518
86.85518
86.85518
86.85518
86.85518
86.85518
86.85518
86.85518
86.85518
86.85518
86.85518
86.85518
86.85518
86.85518
86.85518
86.85518
86.85518
86.85518
86.85518
86.85518
86.85518
86.85518
86.85518
86.85518
86.85518
86.85518
86.85518
86.85518
86.85518
86.85518
86.85518
86.85518
86.85518
86.85518
86.85518
86.85518
86.85518
86.85518
86.85518
86.85518
86.85518
86.85518
86.85518
86.85518
86.85518
86.85518
86.85518
86.85518
86.85518
86.85518
86.85518
86.85518
86.85518
86.85518
86.85518
86.85518
86.85518
86.85518
86.85518
86.85518
86.85518
86.85518
86.85518
86.85518
86.85518
86.85518
86.85518
86.85518
86.85518
86.85518
86.85518
86.85518
86.85518
86.85518
86.85518
86.85518
86.85518
86.85518
86.85518
86.85518
86.85518
86.85518
86.85518
86.85518
86.85518
86.85518
86.85518
86.85518
86.85518
86.85518
86.85518
86.85518
86.85518
86.85518
86.85518
86.85518
86.85518
86.85518
86.85518
86.85518
86.85518
86.85518
86.85518
86.85518
86.85518
86.85518
86.85518
86.85518
86.85518
86.85518
86.85518
86.85518
86.85518
86.85518
86.85518
86.85518
86.85518
86.85518
86.85518
86.85518
86.85518
86.85518
86.85518
86.85518
86.85518
86.85518
86.85518
86.85518
86.85518
86.85518
86.85518
86.85518
86.85518
86.85518
86.85518
86.85518
86.85518
86.85518
86.85518
86.85518
86.85518
86.85518
86.85518
86.85518
86.85518
86.85518
86.85518
86.85518
86.85518
86.85518
86.85518
86.85518
86.85518
86.85518
86.85518
86.85518
86.85518
86.85518
86.85518
86.85518
86.85518
86.85518
86.85518
86.85518
86.85518
86.85518
86.85518
86.85518
86.85518
86.85518
86.85518
86.85518
86.85518
86.85518
86.85518
86.85518
86.85518
86.85518
86.85518
86.85518
86.85518
86.85518
86.85518
86.85518
86.85518
86.85518
86.85518
86.85518
86.85518
86.85518
86.85518
86.85518
86.85518
86.85518
86.85518
86.85518
86.85518
86.85518
86.85518
86.85518
86.85518
86.85518
86.85518
86.85518
86.85518
86.85518
86.85518
86.85518
86.85518
86.85518
86.85518
86.85518
86.85518
86.85518
86.85518
86.85518
86.85518
86.85518
86.85518
86.85518
86.85518
86.85518
86.85518
86.85518
86.85518
86.85518
86.85518
86.85518
86.85518
86.85518
86.85518
86.85518
86.85518
86.85518
86.85518
86.85518
86.85518
86.85518
86.85518
86.85518
86.85518
86.85518
86.85518
86.85518
86.85518
86.85518
86.85518
86.85518
86.85518
86.85518
86.85518
86.85518
86.85518
86.85518
86.85518
86.85518
86.85518
86.85518
86.85518
86.85518
86.85518
86.85518
86.85518
86.85518
86.85518
86.85518
86.85518
86.85518
86.85518
86.85518
86.85518
86.85518
86.85518
86.85518
86.85518
86.85518
86.85518
86.85518
86.85518
86.85518
86.85518
86.85518
86.85518
86.85518
86.85518
86.85518
86.85518
86.85518
86.85518
86.85518
86.85518
86.85518
86.85518
86.85518
86.85518
86.85518
86.85518
86.85518
86.85518
86.85518
86.85518
86.85518
86.85518
86.85518
86.85518
86.85518
86.85518
86.85518
86.85518
86.85518
86.85518
86.85518
86.85518
86.85518
86.85518
86.85518
86.85518
86.85518
86.85518
86.85518
86.85518
86.85518
86.85518
86.85518
86.85518
86.85518
86.85518
86.85518
86.85518
86.85518
86.85518
86.85518
86.85518
86.85518
86.85518
86.85518
86.85518
86.85518
86.85518
86.85518
86.85518
86.85518
86.85518
86.85518
86.85518
86.85518
86.85518
86.85518
86.85518
86.85518
86.85518
86.85518
86.85518
86.85518
86.85518
86.85518
86.85518
86.85518
86.85518
86.85518
86.85518
86.85518
86.85518
86.85518
86.85518
86.85518
86.85518
86.85518
86.85518
86.85518
86.85518
86.85518
86.85518
86.85518
86.85518
86.85518
86.85518
86.85518
86.85518
86.85518
86.85518
86.85518
86.85518
86.85518
86.85518
86.85518
86.85518
86.85518
86.85518
86.85518
86.85518
86.85518
86.85518
86.85518
86.85518
86.85518
86.85518
86.85518
86.85518
86.85518
86.85518
86.85518
86.85518
86.85518
86.85518
86.85518
86.85518
86.85518
86.85518
86.85518
86.85518
86.85518
86.85518
86.85518
86.85518
86.85518
86.85518
86.85518
86.85518
86.85518
86.85518
86.85518
86.85518
86.85518
86.85518
86.85518
86.85518
86.85518
86.85518
86.85518
86.85518
86.85518
86.85518
86.85518
86.85518
86.85518
86.85518
86.85518
86.85518
86.85518
86.85518
86.85518
86.85518
86.85518
86.85518
86.85518
86.85518
86.85518
86.85518
86.85518
86.85518
86.85518
86.85518
86.85518
86.85518
86.85518
86.85518
86.85518
86.85518
86.85518
86.85518
86.85518
86.85518
86.85518
86.85518
86.85518
86.85518
86.85518
86.85518
86.85518
86.85518
86.85518
86.85518
86.85518
86.85518
86.85518
86.85518
86.85518
86.85518
86.85518
86.85518
86.85518
86.85518
86.85518
86.85518
86.85518
86.85518
86.85518
86.85518
86.85518
86.85518
86.85518
86.85518
86.85518
86.85518
86.85518
86.85518
86.85518
86.85518
86.85518
86.85518
86.85518
86.85518
86.85518
86.85518
86.85518
86.85518
86.85518
86.85518
86.85518
86.85518
86.85518
86.85518
86.85518
86.85518
86.85518
86.85518
86.85518
86.85518
86.85518
86.85518
86.85518
86.85518
86.85518
86.85518
86.85518
86.85518
86.85518
86.85518
86.85518
86.85518
86.85518
86.85518
86.85518
86.85518
86.85518
86.85518
86.85518
86.85518
86.85518
86.85518
86.85518
86.85518
86.85518
86.85518
86.85518
86.85518
86.85518
86.85518
86.85518
86.85518
86.85518
86.85518
86.85518
86.85518
86.85518
86.85518
86.85518
86.85518
86.85518
86.85518
86.85518
86.85518
86.85518
86.85518
86.85518
86.85518
86.85518
86.85518
86.85518
86.85518
86.85518
86.85518
86.85518
86.85518
86.85518
86.85518
86.85518
86.85518
86.85518
86.85518
86.85518
86.85518
86.85518
86.85518
86.85518
86.85518
86.85518
86.85518
86.85518
86.85518
86.85518
86.85518
86.85518
86.85518
86.85518
86.85518
86.85518
86.85518
86.85518
86.85518
86.85518
86.85518
86.85518
86.85518
86.85518
86.85518
86.85518
86.85518
86.85518
86.85518
86.85518
86.85518
86.85518
86.85518
86.85518
86.85518
86.85518
86.85518
86.85518
86.85518
86.85518
86.85518
86.85518
86.85518
86.85518
86.85518
86.85518
86.85518
86.85518
86.85518
86.85518
86.85518
86.85518
86.85518
86.85518
86.85518
86.85518
86.85518
86.85518
86.85518
86.85518
86.85518
86.85518
86.85518
86.85518
86.85518
86.85518
86.85518
86.85518
86.85518
86.85518
86.85518
86.85518
86.85518
86.85518
86.85518
86.85518
86.85518
86.85518
86.85518
86.85518
86.85518
86.85518
86.85518
86.85518
86.85518
86.85518
86.85518
86.85518
86.85518
86.85518
86.85518
86.85518
86.85518
86.85518
86.85518
86.85518
86.85518
86.85518
86.85518
86.85518
86.85518
86.85518
86.85518
86.85518
86.85518
86.85518
86.85518
86.85518
86.85518
86.85518
86.85518
86.85518
86.85518
86.85518
86.85518
86.85518
86.85518
86.85518
86.85518
86.85518
86.85518
86.85518
86.85518
86.85518
86.85518
86.85518
86.85518
86.85518
86.85518
86.85518
86.85518
86.85518
86.85518
86.85518
86.85518
86.85518
86.85518
86.85518
86.85518
86.85518
86.85518
86.85518
86.85518
86.85518
86.85518
86.85518
86.85518
86.85518
86.85518
86.85518
86.85518
86.85518
86.85518
86.85518
86.85518
86.85518
86.85518
86.85518
86.85518
86.85518
86.85518
86.85518
86.85518
86.85518
86.85518
86.85518
86.85518
86.85518
86.85518
86.85518
86.85518
86.85518
86.85518
86.85518
86.85518
86.85518
86.85518
86.85518
86.85518
86.85518
86.85518
86.85518
86.85518
86.85518
86.85518
86.85518
86.85518
86.85518
86.85518
86.85518
86.85518
86.85518
86.85518
86.85518
86.85518
86.85518
86.85518
86.85518
86.85518
86.85518
86.85518
86.85518
86.85518
86.85518
86.85518
86.85518
86.85518
86.85518
86.85518
86.85518
86.85518
86.85518
86.85518
86.85518
86.85518
86.85518
86.85518
86.85518
86.85518
86.85518
86.85518
86.85518
86.85518
86.85518
86.85518
86.85518
86.85518
86.85518
86.85518
86.85518
86.85518
86.85518
86.85518
86.85518
86.85518
86.85518
86.85518
86.85518
86.85518
86.85518
86.85518
86.85518
86.85518
86.85518
86.85518
86.85518
86.85518
86.85518
86.85518
86.85518
86.85518
86.85518
86.85518
86.85518
86.85518
86.85518
86.85518
86.85518
86.85518
86.85518
86.85518
86.85518
86.85518
86.85518
86.85518
86.85518
86.85518
86.85518
86.85518
86.85518
86.85518
86.85518
86.85518
86.85518
86.85518
86.85518
86.85518
86.85518
86.85518
86.85518
86.85518
86.85518
86.85518
86.85518
86.85518
86.85518
86.85518
86.85518
86.85518
86.85518
86.85518
86.85518
86.85518
86.85518
86.85518
86.85518
86.85518
86.85518
86.85518
86.85518
86.85518
86.85518
86.85518
86.85518
86.85518
86.85518
86.85518
86.85518
86.85518
86.85518
86.85518
86.85518
86.85518
86.85518
86.85518
86.85518
86.85518
86.85518
86.85518
86.85518
86.85518
86.85518
86.85518
86.85518
86.85518
86.85518
86.85518
86.85518
86.85518
86.85518
86.85518
86.85518
86.85518
86.85518
86.85518
86.85518
86.85518
86.85518
86.85518
86.85518
86.85518
86.85518
86.85518
86.85518
86.85518
86.85518
86.85518
86.85518
86.85518
86.85518
86.85518
86.85518
86.85518
86.85518
86.85518
86.85518
86.85518
86.85518
86.85518
86.85518
86.85518
86.85518
86.85518
86.85518
86.85518
86.85518
86.85518
86.85518
86.85518
86.85518
86.85518
86.85518
86.85518
86.85518
86.85518
86.85518
86.85518
86.85518
86.85518
86.85518
86.85518
86.85518
86.85518
86.85518
86.85518
86.85518
86.85518
86.85518
86.85518
86.85518
86.85518
86.85518
86.85518
86.85518
86.85518
86.85518
86.85518
