39.20487
70.93651
50.16933
41.05818
82.86582
78.57863
95.13268
73.59248
51.26875
34.18245
42.14851
74.38706
50.19209
34.96776
59.36597
75.15997
73.10502
47.92509
31.16339
23.24924
66.26653
29.41004
68.01019
94.74606
24.37729
84.59832
30.40422
83.05737
41.13155
37.40851
76.21692
94.70771
78.34445
46.89177
63.6924
71.06486
24.08345
49.96275
60.51365
53.81249
83.71266
68.19819
39.87174
81.65367
37.89008
38.6363
60.24875
62.91473
21.09177
81.2303
82.06913
59.4349
61.01871
73.58418
32.93928
44.75737
69.32222
39.28939
83.94085
40.37302
76.91441
88.90153
38.24639
71.01045
79.01504
22.48792
40.96559
90.04402
74.74871
45.94566
39.65084
87.28848
41.25726
29.27898
90.93832
57.0292
86.34595
70.06376
68.35242
75.9787
99.1623
61.10062
43.65482
71.07983
34.42046
61.84157
78.60987
31.16868
70.64244
82.61701
59.19086
73.70693
50.69953
70.2969
54.6859
39.20536
85.13076
93.42362
62.54504
64.34643
34.05329
57.302
64.79072
27.32017
75.70072
40.26548
20.6725
60.87944
24.37478
37.82291
51.3497
36.34823
71.40871
77.27033
95.42948
92.21024
72.68023
45.58856
25.81892
21.06216
43.35354
30.02829
67.84846
99.34094
63.07937
74.82729
96.58374
83.41196
61.83318
66.07225
91.93491
38.95957
40.12607
35.96033
56.10663
71.80708
27.83386
97.50067
43.804
22.61643
52.76144
20.88474
43.08756
71.73664
73.17692
60.72112
86.21128
21.06782
66.11738
61.5316
74.78703
43.25273
24.75087
58.51168
21.32971
80.81102
41.28194
75.72563
43.87084
74.99724
50.04929
27.54511
32.5395
46.35856
68.04013
83.86503
88.69944
79.3601
26.741
39.71662
62.27296
62.56591
31.87754
71.6063
34.917
89.08255
90.92659
68.26255
91.34761
27.9911
61.57958
69.0252
88.39891
20.95963
91.01977
64.4169
54.67227
88.16027
87.99012
61.39424
95.83596
42.53167
54.06565
89.25474
61.25858
45.7441
45.39088
65.77366
21.66599
74.5326
25.32455
65.40437
76.11242
44.21552
86.24154
75.44152
86.19195
23.42385
31.50411
53.24733
80.93516
93.15268
78.6307
37.37987
29.42345
88.61623
60.08088
49.90721
32.80644
75.15049
97.9801
59.26932
41.03435
62.58138
50.58685
59.72356
97.56489
22.44781
81.92251
31.99565
54.36842
95.98155
92.69232
62.4004
82.07898
82.8942
48.4736
89.93733
78.4737
85.8424
23.64035
61.31237
92.67759
99.50649
49.65728
92.36597
68.64727
93.50532
35.17586
40.61482
42.56449
59.99666
29.11571
41.0144
88.45225
84.85049
70.29081
23.02737
80.82862
93.81683
32.08284
86.97385
32.68539
92.00301
24.78133
98.3521
71.68656
25.20716
61.70597
96.43722
62.51047
34.41452
21.05387
45.55631
47.37436
31.96867
96.50491
63.74786
48.85586
37.14652
69.65402
51.04779
30.6741
88.8683
37.93618
72.36041
49.95218
34.64536
48.13972
58.55705
37.58533
88.23433
47.84333
85.90765
45.66963
69.10165
59.14131
49.17128
30.87476
59.88396
79.23347
65.75021
53.75622
60.96164
69.61505
79.79686
29.41536
80.53206
52.95115
51.98852
66.42009
89.00907
45.37044
50.03607
78.1357
43.23226
95.67616
49.33604
47.62972
27.72801
34.19882
74.45663
88.87702
54.1324
79.56051
60.89207
36.88244
93.10421
59.01545
60.89642
42.732
92.83405
69.22883
67.10992
37.4035
99.5446
45.93926
94.70009
74.87066
79.07257
44.10413
61.94712
67.44987
69.45038
57.48035
94.40791
48.87371
55.25195
73.03916
53.46526
41.25335
54.16192
24.5942
35.05598
67.66228
56.53455
70.16459
24.14824
46.66241
35.18799
42.82163
38.80729
98.53056
35.23192
36.27304
87.52244
54.11745
73.26315
79.42985
85.97946
37.83
44.75618
32.96371
28.91046
35.40779
42.19564
39.62299
66.19478
50.91452
46.65359
86.17257
75.93654
77.75895
93.63653
87.47886
69.62638
82.09114
43.30468
22.32652
58.1741
30.1678
63.38438
61.95325
90.6986
56.81258
61.23988
90.49077
62.26225
85.12619
98.76411
75.6514
26.04027
57.26854
30.49078
47.74884
50.27821
27.49676
63.72584
83.77364
93.01243
60.57167
42.32781
31.2432
31.57835
35.29891
56.54327
51.14738
28.22922
56.14355
98.63805
51.50168
34.63721
55.05551
48.61553
30.98803
55.04632
55.36665
29.48464
97.35994
52.02177
53.16204
27.14433
27.1621
81.75195
93.35949
87.85002
42.17505
47.28947
51.5255
82.04964
75.70735
68.27864
99.83878
35.73726
22.8416
87.75337
28.13991
69.56309
70.68676
32.88887
75.76834
45.16884
86.34599
68.54797
40.71079
84.98347
72.25945
94.15049
58.34701
46.95314
29.06311
20.63863
85.39627
59.97872
74.89363
90.91873
39.68676
48.68857
45.87802
67.85393
58.84586
27.92605
68.15619
45.03687
91.44136
23.37039
20.91827
61.96316
57.12605
76.681
65.09734
24.17907
66.34228
36.05147
23.1419
76.68505
74.88903
89.71295
90.62111
63.19011
48.43287
23.53304
34.66225
31.37444
62.7384
47.85375
26.72808
69.92878
51.01897
39.00321
73.48248
65.61646
59.90476
20.40407
62.43382
84.29236
37.921
98.1243
43.65561
89.70314
64.8647
59.0954
27.21058
58.95939
83.935
97.47876
39.37245
74.19879
65.35883
75.33011
91.15003
54.76337
27.75927
75.63054
76.04446
57.14649
86.88117
29.23355
96.87093
46.23128
95.19702
64.16372
22.71355
35.11226
34.7465
31.85279
24.61663
50.62737
45.05136
29.11935
32.63216
41.03057
57.86055
81.9087
97.04847
43.27118
67.76294
77.54634
28.38497
34.64264
71.00217
64.07835
71.20639
26.53873
72.67204
72.57535
73.20339
66.39084
68.94005
31.69791
98.83835
99.14424
66.72167
68.34651
46.31071
56.0137
62.34541
40.46593
49.77316
27.93765
86.94807
70.84517
77.95064
90.91437
91.62354
62.27267
31.95395
63.28364
25.07042
58.074
94.5997
85.54585
67.58944
50.51754
35.38219
69.38559
71.62045
53.34188
30.54087
77.1928
74.4021
64.28142
94.31414
84.55217
52.59187
27.25356
78.48745
66.98112
89.6957
22.71209
42.91605
21.85733
23.20025
40.46336
66.62403
21.65838
99.71548
49.1252
57.29533
48.76644
78.80786
99.28601
61.98533
96.48356
42.64919
84.83266
62.56224
88.03406
33.29468
38.25403
25.50984
92.0025
82.72783
96.81395
37.20151
73.69631
91.60852
58.9423
64.95405
67.52207
96.50802
86.56088
77.55159
45.53729
74.30138
92.78243
64.24555
45.77179
86.24913
53.44732
75.70701
85.6313
41.8051
77.29675
56.74918
47.63351
86.1032
70.76211
24.91095
21.62066
71.98087
58.94872
20.33277
83.4086
23.35189
94.28245
27.34802
37.72344
29.71023
63.04451
89.99938
78.18884
61.43598
92.10679
32.5349
21.19457
78.67717
76.24391
97.1854
32.3816
36.3235
94.53498
56.06561
39.93499
67.79405
64.57526
88.14508
59.47087
43.57014
47.94729
92.88143
98.84211
81.88953
25.92413
92.16042
60.33943
46.93819
50.53482
72.0922
88.20736
96.11924
40.7571
80.1212
44.88761
88.40163
85.06154
65.37698
78.06485
98.9307
78.47467
31.46339
34.41767
49.4089
58.61009
20.09332
43.6506
50.17492
74.06224
30.08883
40.81434
53.64849
87.29184
67.22428
60.72705
59.55321
71.9979
51.07689
91.25034
34.26965
30.88281
48.97716
79.89309
26.80743
68.56823
27.74017
30.91666
64.7941
40.38209
56.05986
88.2591
37.28687
23.19408
92.11525
57.58954
58.10113
72.40146
57.36305
29.93737
40.12879
88.87026
34.816
70.73677
72.76193
23.73021
35.09729
55.56909
85.83652
26.87809
80.24745
37.30337
73.40999
42.32633
28.84592
66.06439
92.24803
53.28243
59.06271
76.46049
66.47337
42.47408
30.26038
85.73775
34.76974
89.98174
79.21904
41.78571
73.13198
38.28084
23.53378
48.31824
59.73593
71.30156
59.70229
45.33757
71.60738
58.2444
61.72118
61.8885
21.30939
48.28843
37.37832
63.51996
41.47728
75.8896
66.11661
25.25848
82.33111
29.87877
46.06981
54.94166
78.29213
64.26882
26.53123
52.06909
59.07734
73.27133
62.37285
95.88707
66.00378
83.23395
32.57547
43.91945
21.61985
70.44304
49.20403
85.62605
88.00093
63.20318
36.8577
53.98283
30.62112
81.04897
68.1958
76.32249
54.03445
84.15038
41.9999
53.92646
68.65712
99.87421
44.73569
57.70514
30.78107
51.93078
86.81861
70.4642
81.26522
24.12912
92.74611
29.59228
86.95554
55.20213
53.70134
25.49549
37.7161
31.74313
62.9237
55.25356
33.03281
88.49704
86.95574
91.11802
90.6104
88.17469
78.93492
48.91159
85.16917
72.71405
23.83933
25.28852
95.08972
53.67003
88.23025
78.76538
36.70532
34.25377
53.45507
73.27966
50.86046
76.4072
67.52089
95.77913
44.41929
38.97061
50.80893
35.91775
85.21837
97.14713
85.4679
71.09645
34.11889
22.11372
94.12173
59.30412
62.48649
53.68107
39.40916
76.16933
72.86311
27.13714
95.34795
53.87883
82.86545
72.56958
44.31324
28.63463
21.4981
39.81737
83.3255
31.56493
34.922
44.57525
69.58908
34.85501
29.59762
90.6211
47.76223
92.99415
41.11341
33.82789
49.01725
27.53519
82.23037
61.66263
52.23615
50.66158
69.73197
69.33296
69.5652
89.35047
60.19
49.56283
49.23182
25.08201
98.35517
51.95941
94.64194
71.75511
99.31683
41.53012
34.10328
73.00492
43.71251
42.18743
40.63675
21.20562
27.59276
82.99904
65.47405
95.6374
85.50244
22.0703
92.98582
65.02752
64.90583
93.79776
76.86756
63.37885
74.02538
36.09373
44.24169
34.76654
90.53698
24.84081
50.59714
74.36374
80.93812
92.32127
71.05355
68.17327
87.903
62.17709
97.57676
52.75794
29.847
83.03769
83.55687
43.06573
27.49828
79.17022
94.19337
76.72651
22.31594
37.43857
74.52797
68.7718
89.15948
78.24931
82.41426
57.37093
37.22157
68.08479
50.61062
86.03808
44.90281
69.10091
74.79145
79.63136
45.45443
56.85501
61.33659
59.22742
27.44172
38.55584
58.44631
43.79106
83.2874
35.31401
29.58502
40.82519
71.23646
42.66381
76.157
47.93069
97.99804
73.1964
65.76029
66.9787
50.34439
37.78273
52.33468
60.3301
37.59737
26.66614
22.17733
95.99703
39.05938
62.74932
85.14951
43.65226
38.84793
45.39342
70.4865
70.70129
39.65547
51.26361
65.85718
35.13161
82.97359
33.41609
91.60096
67.49829
53.10848
63.91508
99.07788
47.54894
35.02482
39.85642
45.7303
29.58785
20.20707
24.9904
56.3783
34.38728
43.46219
53.29812
49.10839
32.04901
37.83968
54.82892
89.14382
46.30417
48.41386
93.6234
99.49206
49.36178
86.66283
48.06881
67.67687
32.40927
50.67552
60.46393
30.10259
29.25919
99.73826
39.72671
52.67749
24.07058
46.11561
54.31704
36.86431
93.91937
86.32479
81.18244
20.2125
85.83558
61.53714
89.71903
92.87526
91.55165
72.976
74.10425
57.77275
71.1625
57.01545
68.70513
68.38179
94.9257
80.36366
30.9066
81.42038
81.08182
22.54173
22.1907
86.49579
20.3754
21.28304
86.909
51.03916
82.47169
33.70548
83.93392
86.30776
86.60384
48.41738
22.42576
78.79088
77.62587
81.94911
78.01297
53.34692
49.31085
88.03207
95.33773
51.2176
31.20202
33.62285
23.07988
73.72744
42.04462
48.82173
22.34855
60.82386
98.33634
60.16571
46.76817
30.7533
32.01622
41.8227
25.97912
83.47732
56.53589
31.7453
82.48802
21.04993
95.41722
44.53196
93.98778
32.12129
45.53864
93.41582
85.79375
92.73803
97.10882
83.57937
69.75493
29.44733
99.70491
73.54521
63.11395
59.4759
28.19585
77.98898
73.22185
81.78951
30.27273
71.0217
81.11145
40.63686
50.23061
48.66496
26.5676
61.30443
59.16686
58.14142
57.7026
45.84198
40.4403
51.49757
77.51044
44.47287
97.2068
23.35402
78.78354
44.37811
79.30595
92.19697
22.13165
76.44171
67.96047
36.17645
45.74778
98.88488
21.46342
82.20484
36.87589
25.00586
45.05916
80.62866
32.37233
41.06753
21.5824
70.05593
58.34167
67.76914
47.43132
27.76891
26.49692
52.15462
30.47359
87.34963
41.5232
96.01063
68.69744
70.52403
81.16072
67.48763
80.66034
89.28159
83.13416
25.32684
43.6105
82.16144
47.40419
89.96051
39.47824
23.45819
57.24072
28.7356
71.1664
77.75754
86.17591
25.78704
81.70923
75.16002
95.36929
20.51531
67.26841
90.04497
80.89519
79.04888
89.05845
50.84481
29.45591
21.19164
28.21366
39.49777
92.46101
81.99979
30.963
30.9092
49.88586
94.52761
23.43949
20.1031
98.89344
55.02372
65.56659
79.33676
79.64776
92.74741
46.89684
49.86695
77.0986
27.6184
36.58522
33.41588
65.05784
68.42307
68.47612
63.99495
83.03389
95.82209
51.66285
32.49243
56.10483
54.99629
53.33397
94.81272
40.76305
75.11158
74.24695
55.21382
57.6763
47.61304
40.10622
28.31704
57.28692
97.30327
47.96844
79.47492
82.95783
68.88362
60.52399
35.06411
66.42117
96.14974
21.82778
45.95319
36.59128
28.34492
60.46226
28.8836
34.47528
77.23371
30.69472
32.19686
23.05421
48.4939
94.22386
21.4734
64.00024
43.03724
96.25243
34.45167
51.11375
48.88397
49.90947
30.43357
91.9977
94.4268
58.56042
91.00663
87.51102
24.90974
67.87583
75.69541
48.26131
30.98437
33.94881
31.30702
56.76863
78.54676
65.06898
25.30536
35.14046
67.68343
76.25694
47.57914
75.90881
58.39047
62.52488
32.55586
68.47772
85.49936
82.71127
53.44462
30.19502
86.66981
86.42033
27.81449
51.63665
95.74512
29.79577
25.6444
29.30049
50.2488
47.70734
86.95564
48.23017
89.34832
66.68136
74.1194
20.29912
87.25129
62.66947
38.61626
46.09786
54.522
77.37231
43.80837
48.7053
86.47409
64.60536
73.84794
39.18148
46.55346
75.00886
41.86473
57.35271
97.39666
47.14724
71.91159
82.26365
58.28208
62.75418
67.05445
50.93187
38.96942
21.71473
53.1625
31.22931
32.10109
51.26395
95.09977
82.80755
46.99318
79.24701
48.61775
70.98411
77.60552
60.92809
89.67479
66.78593
56.43942
63.17569
43.78602
45.15445
87.60206
83.34641
33.96565
82.28987
89.6103
26.12246
92.11535
56.43283
55.16774
24.40263
83.57935
88.94771
60.55766
89.36743
91.74998
61.88885
95.97146
63.08508
68.59425
84.39667
64.7132
31.06566
89.90205
58.36174
53.43949
68.71228
75.03251
91.36614
22.98938
97.34548
84.86156
84.89251
97.60832
55.52904
24.90379
39.84426
31.61015
81.69622
80.49376
82.13101
46.84532
46.53547
85.53061
58.88698
35.98166
22.53688
61.41299
98.91596
86.02085
97.77976
39.95058
36.4059
46.48278
34.09956
64.78452
48.14612
76.39937
88.11438
70.494
84.15308
90.93196
90.67017
27.99639
25.31644
35.7265
41.99022
42.39975
53.2959
41.64033
36.6416
84.79141
49.67806
53.70399
30.8961
35.92967
94.90131
52.25156
83.37428
33.25431
63.4325
43.13789
87.64923
82.9123
32.58693
99.55586
28.79939
83.72029
37.11491
30.46085
43.82295
77.20392
48.08627
53.88402
78.83845
67.81802
57.54991
48.76841
84.0913
51.37452
25.17584
81.11944
81.44758
45.58292
26.82955
31.06625
65.93297
94.24135
73.65472
95.76534
51.98028
62.03374
48.51448
29.50016
27.15733
59.42389
94.43129
89.39752
40.51101
49.64821
78.32399
77.47735
50.87243
99.12247
21.30349
35.6376
74.09802
93.80459
39.84048
73.25404
37.85438
89.17465
23.20204
38.15592
38.56813
56.85685
51.63754
78.01253
86.95398
24.20507
50.0158
61.11327
61.37121
26.05163
99.90482
81.84796
27.32865
71.57392
95.05284
35.63031
69.40043
31.89288
47.9425
97.62272
44.03191
73.50441
45.94839
86.12436
64.86084
95.19198
78.86647
70.17395
52.59956
96.47046
75.36065
25.45809
22.02903
81.48049
65.9509
28.07305
66.86212
86.84825
62.80762
50.30182
62.64783
37.52901
35.31666
38.70032
43.43268
38.64713
71.69377
51.0709
64.22345
72.67377
50.18312
20.47081
97.55441
91.6499
51.18337
71.6341
69.82498
59.54564
51.86521
48.86466
53.69244
97.99864
47.44061
59.72328
52.9398
66.79134
32.62384
93.77814
53.39557
50.41865
87.19784
34.00519
23.05518
75.38621
22.4599
44.36435
64.71683
96.23112
86.61121
91.76315
29.65153
80.11229
64.7377
84.21631
22.09116
46.53952
62.21799
76.45572
65.90881
78.34156
54.17563
86.93561
90.39685
67.49755
20.62548
88.76525
66.52759
27.61288
72.13557
75.69103
75.99638
77.61485
23.20088
36.98601
52.34953
53.72608
25.84421
43.60514
25.11718
45.76102
67.17403
76.54247
36.15741
60.78625
49.95217
54.15588
65.74411
78.19722
40.58093
56.36308
76.87871
26.90043
61.07404
43.51427
37.20489
28.46972
27.99177
33.05812
62.7149
64.68962
92.23482
43.59257
22.82619
63.23314
76.7227
40.05599
82.90512
67.41025
48.2464
31.63519
29.14433
35.30679
59.81828
44.0371
20.58337
42.85179
31.73092
27.51147
44.37207
58.68494
29.82217
94.15256
59.97351
26.03604
58.21142
60.7089
51.74316
61.75665
25.03007
90.35941
50.98028
76.18227
21.55248
94.69029
45.84529
88.76134
93.21825
31.46
34.6912
47.09627
35.92058
49.57563
47.20188
82.99544
67.39922
82.98488
30.84149
58.36193
68.04917
73.36974
39.39983
81.43321
30.18192
42.10967
91.76548
93.2396
20.97467
51.24295
93.63815
39.07809
90.44391
62.65504
75.10115
39.93026
67.91378
22.14456
83.46443
28.89035
94.73741
30.89504
29.22112
43.4097
83.57915
97.40772
27.41422
76.279
90.55056
79.61897
88.44928
86.13579
76.10836
31.42613
25.65299
92.62141
70.34941
93.20535
41.5304
61.9422
21.58172
47.9177
65.57998
82.40314
89.58955
59.83353
94.56957
89.35158
54.36069
89.41807
96.73833
26.27875
49.55723
44.42242
45.85771
75.34192
68.21643
30.65683
44.60338
92.96031
58.60198
25.15625
28.37896
20.30133
56.29639
73.11357
57.41916
76.05112
80.44903
69.7025
52.68154
89.23736
31.63361
72.70068
24.95768
92.90757
34.71027
48.66104
41.11838
73.99715
38.10794
33.31826
79.75293
94.85383
71.58316
78.68971
48.20533
48.71804
80.5943
26.66347
81.66889
63.83145
80.46763
74.20628
81.83004
64.57797
76.08466
76.9982
33.98587
99.09886
62.62996
84.41488
88.64503
21.93387
45.88544
90.2342
85.30086
79.4501
79.22247
24.98665
32.74474
39.23055
43.01081
82.50844
86.93036
67.64536
36.47979
30.73238
82.98969
69.2857
57.36617
52.69128
27.51318
21.82861
23.48024
92.15563
50.77827
32.84753
77.53087
53.67985
58.71572
56.54575
69.84199
56.75125
79.70351
37.69636
47.64429
29.41544
44.50523
63.42689
69.61062
20.0712
99.84949
88.95158
49.56132
53.6549
32.29648
78.64495
49.14668
26.65668
69.69974
99.17674
61.34333
39.45921
74.62673
68.24628
88.19103
73.93464
24.80517
23.24579
65.26552
74.38621
70.40543
71.18123
88.15743
79.75762
52.92817
78.01232
98.03378
42.93728
95.04889
99.15348
88.71637
51.15035
63.22878
71.34571
81.83535
61.74233
56.19637
81.81823
62.68323
42.81241
77.43948
70.62678
22.84889
88.96484
23.60621
70.9287
33.97965
79.13346
47.42396
35.60771
22.4488
81.21125
85.0511
92.45733
49.82896
54.71123
88.25324
90.53788
46.37406
59.58054
72.53838
47.48263
74.9786
75.05268
86.73401
97.18246
55.83217
47.88557
61.22437
67.11521
92.51963
77.29772
95.76317
67.45102
71.10093
54.63013
89.35637
58.30538
42.53221
98.2613
89.24374
77.17801
33.2033
62.31464
57.89697
64.25926
71.81186
32.33612
36.56753
62.12201
79.47749
82.07252
59.40797
82.83786
25.93029
89.10147
79.93388
31.44171
95.59142
94.83404
83.02701
62.55359
36.85584
86.25511
96.76019
97.86888
97.77151
84.78596
97.65928
20.45326
48.76714
79.27474
31.51762
38.51216
67.28143
73.92769
77.02857
70.5123
90.43924
43.47834
29.83012
28.14284
58.28511
24.03522
73.60682
53.03444
55.65265
34.85063
64.60784
68.9112
21.87828
97.7331
27.23545
56.1579
47.13614
31.11261
62.70659
39.60578
89.23021
20.30458
26.74373
37.71114
29.86831
42.66878
46.91839
98.21579
28.70159
25.50549
43.81623
43.56068
68.32101
48.15795
95.06431
43.21323
25.99106
24.97515
69.12133
28.60666
65.88398
76.30151
55.33499
44.92959
74.57272
60.93041
87.4384
73.26688
26.16271
40.97686
62.20236
21.79656
83.44278
37.7452
85.33937
81.86092
48.7874
75.60795
20.68808
90.54368
97.07833
89.70761
44.17977
28.71079
84.41807
33.21721
59.50428
86.47811
88.17162
23.85895
25.34735
79.23532
91.29816
34.54829
86.95244
97.61598
59.27277
37.3425
24.75411
82.07172
84.13716
28.34535
32.68413
87.80633
77.9345
28.9165
67.43886
38.14259
43.63582
22.02269
88.86526
70.19942
61.60725
20.76956
94.20864
68.6059
49.057
76.92603
81.66785
79.56831
66.68901
57.97419
74.19252
26.2145
30.93558
99.28625
38.71524
93.79414
98.87396
46.44681
37.63073
54.47166
71.52281
53.89091
83.13149
89.80276
64.6186
41.06787
59.81272
44.136
71.6106
86.84757
97.0848
53.59441
48.46292
89.57193
85.34186
67.61213
41.99891
95.45694
39.21502
70.82774
61.77618
61.69843
52.46666
56.59423
75.67996
60.04935
66.32237
30.98496
21.93578
50.17673
58.52233
86.96757
39.50445
37.43433
81.09274
40.08611
89.72182
74.86678
91.6742
52.59239
54.04523
30.8068
32.20621
86.08852
32.04906
47.1503
52.55532
35.07997
69.33465
57.36675
78.17155
20.82466
44.66726
49.63835
34.19853
47.76848
29.28091
75.96226
44.16415
65.56058
68.94993
82.63622
23.93545
81.88993
45.02861
58.79018
58.67254
32.33296
90.36204
51.97283
33.85456
27.31462
28.5405
34.90153
40.0052
35.6621
40.35418
66.4615
49.64309
45.3911
71.17437
88.09565
41.2813
67.93673
68.26754
23.64517
45.49977
24.16232
53.77458
64.18579
37.20632
44.71533
22.76767
34.94669
34.71906
47.65836
89.43627
73.9611
65.20691
25.26028
89.52841
58.24192
77.44574
73.44884
35.19775
52.33802
74.24647
80.48311
57.69753
38.40585
91.86383
27.00752
87.49576
49.11392
69.85048
22.45328
27.16346
27.35125
21.44159
32.28202
85.23182
39.26434
48.01404
38.14134
69.90074
91.05152
41.90571
58.76649
50.46145
27.45616
70.79549
48.20539
70.06871
94.65185
89.54551
74.13499
53.71056
38.13034
35.98997
98.51487
66.13528
51.76015
53.46474
45.06594
63.55978
86.01817
93.3406
21.4344
78.59732
81.00865
90.2405
62.28065
27.77635
99.22146
37.91686
61.71205
78.99277
88.95165
97.4072
79.46133
25.70282
48.65177
84.41891
87.31736
77.99613
32.92615
77.30362
47.91669
63.88097
95.58944
68.024
32.85445
47.10563
70.05547
39.1313
67.63665
73.49236
70.51574
27.30417
88.66036
68.81427
30.0729
56.97548
65.14824
93.87475
52.6782
62.48642
45.16361
32.14847
75.8563
31.10682
57.16536
68.30104
97.41628
42.80688
79.09739
74.75634
80.02686
23.40694
30.00563
52.08625
64.33944
24.24409
98.42542
98.33862
51.12822
91.74701
24.15046
37.472
51.61276
81.44276
74.8094
32.73385
24.29482
81.0079
27.22207
74.53982
49.22878
71.35231
32.28333
58.2574
34.87508
58.84164
51.014
29.99537
47.57583
67.42687
60.77658
70.85654
23.93973
27.19712
57.98295
39.03722
67.53803
66.43835
45.47235
57.60648
88.17181
70.5206
90.67598
55.15198
75.77863
46.94949
64.33439
79.03398
54.27241
68.84738
44.77609
79.81252
85.16659
79.28167
48.95718
58.09039
62.17892
30.59776
70.62624
24.522
55.01344
76.7116
57.30119
34.74355
51.673
56.72189
79.69699
89.24622
75.26827
70.36847
62.49621
76.58714
87.37414
89.99127
66.98364
43.45178
80.52962
37.84956
82.6265
61.49459
29.19812
39.72909
94.53343
23.6656
71.09842
81.41311
66.10737
45.83951
25.33291
53.8009
36.49992
51.54772
86.823
86.21169
38.56791
33.32771
40.71889
56.14652
48.92499
81.77182
39.91874
50.16639
79.64405
25.49743
21.02989
78.02207
72.26995
74.36858
37.32154
34.61578
59.41711
94.25075
69.45665
34.67216
55.07656
48.40864
30.61906
33.07851
26.6734
48.04061
60.37259
63.35374
74.25117
54.00754
40.71376
54.98172
30.00167
83.78792
74.30418
48.16597
80.94706
20.58207
76.26945
89.25913
39.55559
82.29192
85.47186
75.36236
41.08018
62.63999
31.52878
96.56182
54.33329
88.73268
31.34974
52.56312
51.10837
64.6722
89.05528
58.06063
52.84898
50.1131
72.52244
44.32439
55.42821
98.0383
79.80484
24.73508
35.67741
89.87457
29.99776
60.12823
34.08804
38.94895
56.73322
27.06518
43.35767
35.7603
25.30368
53.61448
29.25436
69.64209
52.6382
55.78335
55.03443
49.29399
82.26514
23.55662
42.79553
40.855
89.06905
63.18672
40.26351
23.44958
69.82002
67.65414
74.64808
93.18468
64.31946
92.77525
35.60789
74.83492
50.80629
26.29072
46.8051
78.49944
27.3106
88.71218
35.75949
37.32916
34.41229
38.78681
36.63898
21.36233
67.99141
59.078
91.56735
40.37108
25.92235
66.24333
81.73821
66.31464
44.1903
61.3068
66.70843
96.31212
63.22387
82.28809
26.91933
77.97038
58.27173
66.2524
44.73856
48.44845
73.1749
38.7415
21.41514
93.12331
32.83536
28.95845
44.8669
85.30572
92.87832
45.51532
83.42312
36.38862
37.17778
95.98136
55.56455
96.01342
59.91772
90.02268
29.47921
66.7875
97.38327
90.06523
30.66968
31.23489
78.91103
62.40238
64.09373
77.22411
94.01767
96.08767
52.17744
99.41548
22.74297
50.08593
94.66984
74.29833
62.24055
58.5037
94.29907
91.37934
70.22906
60.32008
97.04074
33.22172
45.23177
46.65343
56.00083
44.55303
69.23609
91.39824
37.1769
60.98649
63.28929
39.9687
59.57512
58.7299
98.02847
37.88258
84.47743
90.49182
83.33063
81.97858
37.0798
49.08918
52.90448
25.05005
28.91187
46.44164
22.71914
47.54544
75.39134
97.6546
64.38617
42.38107
60.62851
88.0074
60.04308
54.17104
85.40827
26.83262
34.66209
23.4439
21.55596
73.01822
99.33047
34.86426
70.81949
88.44844
84.41037
69.63252
31.84361
23.51428
64.71828
22.10837
46.32261
87.7986
21.00759
95.06573
81.70207
35.42479
71.42182
29.25228
84.09305
98.52088
44.28287
56.44647
74.06874
87.32188
20.79769
32.01812
22.47756
69.26755
29.71593
55.97436
31.44598
75.29643
99.84121
33.00768
43.26468
88.17121
69.48109
26.21091
27.42495
53.35849
58.87043
68.99614
57.51411
83.25853
56.02544
46.76264
47.24879
78.13815
41.24922
62.97634
26.08346
54.34068
34.29972
53.89945
25.12332
32.42583
57.73049
71.54644
53.99136
93.49549
95.34491
73.7935
97.41236
57.69653
73.30616
35.46773
81.40047
91.19957
21.9231
77.01917
53.64684
43.67549
88.59221
99.85096
85.4789
73.45656
27.48361
46.97983
83.80003
30.53067
98.13122
84.10022
89.01912
30.58302
29.1531
54.70303
33.17446
63.13113
39.09378
26.21888
62.36957
49.73792
32.24774
56.731
50.97074
84.52867
96.04753
35.02436
65.07473
32.03133
50.55276
25.44214
72.07325
62.12376
99.78452
92.27724
21.77839
78.0813
94.72362
28.46859
99.61775
97.83316
89.43803
73.27051
62.10811
68.37001
36.27315
65.46754
57.21339
41.73708
62.77592
93.99091
46.43656
59.25518
95.73802
98.96561
46.14741
53.58813
73.39573
30.32657
51.10315
67.23804
29.83327
82.04638
46.34783
32.18551
90.61934
95.86061
27.55154
84.63298
99.82678
22.26049
91.34306
98.38055
75.32183
86.32029
91.88466
81.13091
48.79524
53.74702
23.00509
81.91242
92.87134
47.99279
83.05369
98.04845
26.36728
33.26644
45.91486
38.91959
67.4486
37.88656
84.15068
97.65868
21.18942
91.60946
73.96727
37.20628
98.19884
44.88938
54.14015
50.25913
39.00409
30.89466
49.13463
38.70101
97.59104
74.78597
91.55793
48.2121
59.36401
92.25845
55.66104
33.93027
55.65658
74.19771
71.72502
92.40598
99.48965
75.85802
89.60486
93.97816
68.04916
54.08479
88.15479
83.02391
29.6572
30.13505
34.99969
41.296
47.29694
46.96616
24.82235
47.23847
51.47754
69.3138
64.96357
24.92387
59.13822
24.77809
48.90309
75.39409
49.63484
82.85081
37.81418
30.98047
85.87692
53.23367
55.9073
65.92159
97.04895
23.97825
66.77805
44.17617
85.50271
45.86678
31.93912
43.63323
43.13013
59.4515
44.61296
56.48742
55.19517
53.09464
27.68737
20.54408
79.23002
98.45966
47.1907
64.99498
98.428
98.42797
28.89022
65.77686
98.93403
59.10378
22.17872
46.58164
69.73674
79.20365
21.87871
29.08378
72.86264
23.65605
22.66525
34.8654
22.49722
25.58118
65.40665
65.4683
59.16028
62.83161
89.67995
65.20158
86.6021
97.72572
54.50268
93.69436
28.33166
67.61284
55.41464
28.89432
66.36759
39.36123
35.23261
68.36141
65.24243
64.00004
28.71568
88.28562
24.34781
64.12156
38.04335
67.8211
35.33421
93.81523
36.45023
39.00033
95.6381
22.44678
24.83756
89.14804
25.41625
31.58112
77.91015
87.39235
22.74317
45.33642
63.77345
30.75893
23.87913
27.27228
22.53426
20.20288
30.2868
56.6131
92.74607
30.75503
58.55704
24.22714
35.03682
96.33261
73.66243
23.1112
45.84247
62.49339
58.06906
58.74393
40.25543
93.58288
71.831
72.48591
52.45077
67.10473
82.16524
32.64878
88.72362
64.52819
32.7054
42.25156
40.63242
90.94391
73.96257
72.7066
36.61823
28.44878
65.61711
49.11662
35.61289
29.47992
71.82738
31.14941
74.5017
74.474
22.12049
72.22663
47.84604
84.65725
32.25119
34.66205
64.86276
83.03998
76.23056
94.3197
36.44605
88.14185
86.71935
77.64617
83.34823
53.79629
86.67127
47.77324
85.8697
84.62467
31.93225
91.28031
57.47589
86.15685
72.24057
78.41451
95.44125
98.94823
82.76415
76.67159
83.34141
28.27183
57.78272
50.153
45.38913
50.80647
72.83125
56.80814
83.87292
31.79522
20.39036
90.03214
81.57422
39.70414
49.08251
52.79364
74.42235
50.10954
23.39301
35.58198
89.21529
62.81463
63.36723
65.87155
42.67501
60.37138
24.27381
84.2786
48.62009
35.01132
41.98168
30.58839
44.54705
53.93373
39.34588
89.83826
44.93576
47.47325
77.75963
47.81446
47.19238
60.60805
79.77689
68.09739
67.09743
36.5263
88.29757
65.28583
64.46645
77.28702
88.30536
25.92798
91.66459
29.33347
26.93431
96.05657
29.69201
74.62616
55.6744
71.16826
67.79616
61.71311
41.46435
52.40584
41.68091
76.96684
50.32039
96.34995
20.7118
78.24936
88.84399
51.5209
63.3533
79.55422
24.30848
89.90836
69.53009
30.55247
47.76243
76.73175
60.34452
23.47064
30.80974
55.52942
48.47014
87.57198
80.87809
96.56624
79.10677
87.892
28.75202
74.23276
84.67156
79.0192
69.95656
86.55063
77.64122
43.97975
44.05089
36.08152
51.67812
84.79045
95.35173
91.78842
59.16856
84.37299
51.12698
64.2309
39.28518
83.01855
57.42648
79.25025
89.89968
21.44677
54.67255
92.28311
50.80248
28.01548
78.97304
43.43579
35.87165
26.84957
75.08764
25.16402
94.81571
76.62585
72.24068
71.91334
59.48421
74.87629
62.6759
42.01563
84.69849
54.91914
96.30705
29.52628
99.04377
95.56601
62.17391
22.73652
31.96193
81.46086
37.46429
37.49075
28.77447
89.84986
87.60462
65.19248
46.6624
40.56199
57.66509
67.85354
87.8304
53.25085
48.23313
53.24411
28.6177
93.78796
61.06965
94.2769
65.44903
70.13985
67.42077
93.74468
56.19592
90.87775
48.62149
70.37582
95.76574
98.2787
23.98011
62.55199
44.49407
36.16682
74.4685
79.67396
56.16423
91.60531
79.52813
91.91869
98.18526
38.41915
82.90622
75.73099
37.04748
90.25143
53.47465
92.7996
57.39649
86.88527
91.10597
78.03743
39.03114
21.21685
44.44419
92.86233
20.44029
67.04359
66.51017
91.40098
31.85359
82.21916
58.74192
63.17151
47.09083
44.72483
83.62542
54.3013
40.76409
60.29416
76.45443
27.70688
76.86864
67.84426
97.35281
63.91894
68.94433
72.42861
85.36078
56.59993
24.0041
92.23383
31.15117
30.18545
34.78388
59.24486
47.27661
41.02251
50.07719
39.90146
92.0368
94.30716
63.38115
97.25615
85.44314
56.30521
34.93165
67.72561
74.94623
52.12732
77.2573
88.75168
23.77056
66.49221
42.38806
57.18476
22.12709
63.04238
84.23194
92.30721
26.43322
24.97607
79.11617
31.45541
32.25737
89.81947
37.81641
20.04208
72.97026
43.39054
91.7757
43.3171
82.24
36.75089
36.30401
92.06174
55.9941
23.94806
75.95829
55.30163
90.61308
89.286
47.28497
38.04019
94.69045
50.22859
34.92652
38.03001
88.67848
67.42806
82.17285
76.4934
25.63622
90.87002
55.92833
87.22632
34.46582
34.35366
56.61194
57.83915
76.76523
30.91526
99.32539
58.30825
80.25844
67.77082
39.84816
34.89597
23.58399
24.12413
72.57181
53.81877
30.59374
88.82039
85.50446
67.20262
32.90643
64.58271
39.20258
39.70944
25.1827
33.93264
92.64802
48.13082
33.40716
59.44225
44.94093
31.80094
36.87559
69.75181
32.49233
64.50179
75.8277
68.87236
73.74457
91.08133
44.17379
34.46497
97.04456
35.71751
93.64521
75.14358
60.12902
68.97616
23.44219
48.23119
92.51547
83.50257
78.14585
20.71587
99.94767
56.05279
33.25456
74.80369
64.74887
83.42864
44.40954
75.87234
26.1963
20.05882
74.15129
33.35233
49.07687
62.00321
32.99906
87.98625
65.53749
92.20335
70.37901
56.9192
31.56489
75.44996
88.24459
54.90879
60.99625
30.60706
98.20512
28.30882
83.72975
72.77839
43.06994
83.05989
62.30313
35.92701
86.69944
65.42648
73.29087
77.60774
21.87243
27.80837
49.68783
28.26686
39.20395
60.32894
49.26328
22.38041
95.94701
49.47302
86.23781
58.18438
47.11069
72.73675
63.88927
51.95885
70.60294
99.54219
39.65951
46.39019
94.88328
72.09354
89.7909
88.60794
80.8511
43.56238
23.53156
75.26855
48.67002
94.73091
51.0964
55.19827
50.5136
43.48426
67.44765
43.69575
28.60026
53.1003
62.23742
32.04625
75.30894
54.52942
42.40434
75.50473
41.59885
74.24282
23.80658
69.37196
36.42578
87.54134
68.48099
77.9357
47.33825
37.07172
94.0115
33.39995
97.97232
56.84705
86.6643
58.79199
73.50624
43.63642
93.81938
55.09713
23.28742
68.95296
89.5154
86.98328
45.86751
44.94491
76.91438
21.98119
38.54116
72.97404
44.84082
21.58811
58.73659
96.2771
46.78259
72.39369
72.45637
20.42446
66.88729
46.08773
67.40729
58.0483
49.76183
27.21294
72.47229
51.62386
97.13432
88.32742
84.01677
72.83871
87.25267
78.66003
81.09438
80.04891
52.04025
55.0728
36.98505
65.60731
24.49257
39.09926
69.71773
42.47469
86.48013
55.91207
46.42441
39.59072
41.92649
22.60432
41.49458
41.6903
63.64216
34.65246
62.40506
99.28929
58.55602
72.61116
99.88835
95.69786
88.77122
85.55739
69.13471
41.29642
95.3806
74.80101
26.76702
51.48982
47.46812
25.11588
31.54465
42.98429
46.26157
78.27605
92.43969
37.11902
39.80048
82.85086
70.23924
37.43505
89.34668
90.90323
80.99311
64.64604
39.0284
69.28279
56.86995
70.4843
66.9861
93.23917
98.69355
93.32658
87.28613
51.16826
42.8935
44.20737
24.09688
20.06558
45.92955
44.00992
85.42302
86.78295
25.37575
25.23597
36.54038
50.33249
96.25898
83.62789
85.66296
72.00476
75.17084
41.24626
64.15676
90.6204
25.53982
58.17258
22.4973
37.88396
32.49428
97.2026
37.35618
75.52933
50.88471
72.56256
72.83386
41.25001
83.93329
71.27963
88.30355
39.52369
73.07499
72.04355
68.36269
57.55315
46.7591
78.45649
20.30049
28.3062
41.14456
25.43844
37.42876
86.27146
27.81113
68.9907
68.7342
51.18722
97.32152
52.38079
56.07846
69.10408
38.72585
82.11423
34.23459
63.18174
65.79718
32.54812
52.56957
93.99189
71.13136
69.91676
70.09603
93.95802
80.463
97.21688
76.28144
39.45304
54.40699
92.52384
81.20739
91.01528
31.92405
92.82585
60.92552
40.27209
89.13867
84.00854
68.83945
69.54781
99.74361
78.80026
43.88802
87.07641
70.55026
27.23027
85.31178
90.76147
58.93041
79.16364
80.51355
49.54548
53.57585
21.72561
37.13347
55.92992
35.98059
81.8253
87.2607
26.00662
81.29193
79.00457
55.01687
33.83767
34.67778
29.55569
28.77927
59.57362
75.90704
69.51818
40.89544
62.02022
61.46062
31.73532
81.52232
82.19763
71.52006
99.51273
73.31641
67.62559
31.97167
73.44043
61.33249
86.91563
70.46338
62.02258
35.49781
72.00966
73.777
81.54248
53.76976
76.29276
73.71167
38.40469
42.17078
89.37195
20.80556
48.99542
40.99331
31.5792
82.19807
57.68512
99.77106
39.96858
74.8605
48.32115
98.47017
74.86022
75.41869
70.07826
37.23187
37.41716
29.3589
53.62936
65.15263
73.03392
61.2428
48.01664
94.12084
41.68867
44.1159
43.48563
38.57682
47.01244
50.15509
22.96828
54.05959
47.99668
63.66763
87.64924
22.47233
57.92215
57.61506
61.6474
23.02136
98.53261
89.39424
41.24408
96.9437
80.45568
65.73911
91.93246
36.5138
77.05775
67.46335
21.54519
50.65279
52.11962
71.48106
58.56103
65.01743
20.80255
46.19497
25.45477
64.72668
85.76616
31.13062
40.90083
32.62478
45.56664
23.18774
43.99541
38.45644
28.92228
84.4086
75.01243
62.1562
91.41919
50.63818
98.15221
60.1413
80.79684
47.42936
69.90542
34.12959
52.6732
23.40762
92.09637
93.83625
67.0767
58.09735
55.22729
64.69785
93.94774
61.12539
46.50957
27.87174
96.15408
39.54838
38.76449
85.88002
22.63364
38.34221
81.56254
63.85001
95.5878
41.12135
82.82498
56.22143
66.78046
86.07048
24.25447
42.52384
77.57846
61.25394
37.33746
52.125
51.58858
64.20238
62.28452
95.40937
49.8543
76.07757
24.54323
65.97127
47.35516
35.24431
99.97748
77.73283
29.09242
54.36207
45.84555
74.84738
79.07531
36.53212
58.26318
67.83759
39.38337
85.80982
43.14697
77.0531
75.09194
63.67051
57.34276
46.37712
57.80425
56.9986
91.69302
65.59018
79.84765
43.69436
75.62705
51.90374
96.8346
96.99865
34.32055
33.23088
39.75225
42.80452
88.90377
75.40985
79.81936
34.20374
83.24712
91.98813
46.89008
66.88033
40.62963
64.95275
81.62554
73.98421
25.65503
24.99091
42.14516
47.6164
83.61082
40.97195
73.5039
87.64675
89.22723
72.20397
45.50037
94.04877
22.74312
99.6837
92.49628
29.33105
78.25023
26.07784
31.82497
29.83032
47.65256
94.01069
55.54453
83.43381
96.48702
66.65559
71.06969
38.28399
29.68489
95.8312
73.6339
34.17773
50.37195
27.88456
48.36773
41.53614
23.12743
82.74333
44.40086
94.08925
51.45725
44.29626
95.92654
73.86772
21.08183
78.08688
80.21622
91.65218
77.72399
67.72804
28.86428
92.28662
24.59186
23.58064
28.54992
26.12854
71.02738
48.88192
78.51483
93.2311
27.21221
66.80862
74.18265
37.10614
81.92382
25.92448
26.36842
51.76098
86.98421
55.31432
90.66353
46.24753
20.29767
36.96882
45.26378
65.22608
79.81409
99.49013
34.54289
46.97162
92.8425
90.98329
71.32263
20.92313
99.78901
71.82591
79.69712
52.50074
62.50747
72.51634
58.76201
32.40346
48.4717
26.30137
35.59085
98.70043
24.14675
62.94387
54.86181
37.63633
58.63619
98.47568
86.86561
27.13004
86.65091
49.82693
57.699
80.50529
74.05979
26.94392
91.72289
60.03489
95.48948
72.3163
46.28049
60.08623
94.1588
48.07832
23.83383
26.26846
91.4868
97.63379
72.0809
27.31554
79.89232
60.70785
30.87426
26.52305
57.31889
91.11608
55.92299
37.63767
42.34054
42.93751
64.13256
40.17361
92.11126
37.89506
98.68985
67.62981
72.62623
93.30599
40.32593
87.7984
44.25788
97.43498
36.88146
92.69703
90.45849
99.91555
73.18546
35.68809
85.01988
56.82056
74.77607
84.46857
63.62506
46.29199
32.50457
97.69155
68.82631
30.26313
74.96409
73.26929
34.83631
49.05831
64.19814
39.97076
42.39595
36.95734
29.40516
78.02636
62.2283
54.98635
75.40801
50.38687
50.28239
65.79654
52.38802
93.21418
41.95806
39.40067
34.95342
41.05751
20.99358
45.26699
49.87641
41.66311
26.698
56.14203
29.64241
44.77778
60.21784
65.55645
72.54906
36.01802
38.776
75.75424
67.34853
91.39733
79.27388
98.51759
30.37324
43.0296
49.05945
93.50656
88.92367
50.38019
96.05474
31.1603
73.4323
43.05376
82.75115
27.36207
66.28542
42.26009
97.85039
75.08873
70.32073
91.06813
91.62164
65.57031
48.67841
39.18418
76.72131
44.04666
30.52525
25.33208
36.27463
77.31407
46.23943
67.52613
68.99129
39.23238
51.3644
31.30689
92.60048
65.03004
50.40181
96.66407
96.03109
81.23958
51.41139
64.75976
93.88816
37.8026
68.34581
57.0117
23.47504
76.1853
31.72816
68.69772
72.63584
34.18433
70.60018
28.00653
68.95141
81.14577
94.08931
64.22753
39.88481
60.97687
96.07817
59.19309
85.5535
60.26944
72.62959
21.0937
56.02978
58.78268
97.46011
27.16401
83.10104
46.98386
47.7317
67.80972
93.8499
40.51772
49.75516
92.40702
83.50359
71.09956
59.96157
81.41023
72.88159
83.35095
96.44029
52.82907
78.09871
88.96051
46.00869
63.26492
91.96624
91.63414
25.36473
44.6196
63.41483
95.84763
26.13622
54.65429
54.0882
35.23133
42.76666
78.32184
40.34149
39.47394
39.03292
22.56135
68.82428
96.36718
82.93845
51.55928
91.14473
54.73921
45.8917
24.54645
35.34275
79.4843
77.78288
88.25214
37.17101
52.51256
37.73153
42.60765
50.51672
99.05679
47.66682
29.95137
71.78232
71.90719
29.76932
70.38648
92.11393
42.48772
88.34535
41.31899
63.2946
24.72824
73.24214
48.81805
63.41337
77.1563
39.85212
37.17369
68.74745
25.63219
86.01442
41.55852
70.37424
26.61518
44.54548
63.60414
27.56005
95.70127
87.38309
53.2412
67.71218
51.64737
31.19892
74.95276
84.91612
28.92196
32.35158
71.20608
54.34496
79.0791
45.84978
78.14449
72.66575
72.86838
84.54138
92.46731
63.54554
96.65315
28.51197
76.38495
46.96019
93.25466
97.43355
99.01695
21.74569
94.67158
68.03765
39.77747
20.46719
86.54493
36.04188
57.55271
54.60494
37.61752
91.41154
40.31328
69.5171
88.34249
64.16967
94.44848
31.35968
50.31247
47.12425
32.28644
47.21521
98.2987
59.77514
32.02813
76.07243
27.06666
83.27902
79.23516
37.92769
84.11887
49.0478
26.99296
23.84368
93.12633
63.50469
90.22409
49.84153
30.13365
28.68164
30.05043
51.89171
38.83404
26.59345
40.13242
79.02706
72.52851
49.64634
90.99196
25.76112
53.46234
98.81107
28.07845
51.24823
38.54187
23.1486
56.91337
55.29277
59.55369
50.6616
65.04902
67.09507
89.3046
68.04671
62.56509
92.37827
31.63246
84.42839
43.0663
82.23083
76.24588
97.0009
92.84006
57.28463
95.67113
80.6579
79.63382
61.14442
32.56914
70.93625
42.08292
79.75651
39.29504
49.06005
76.34315
21.13378
98.60661
62.92247
52.26891
42.37825
89.7606
73.84903
93.76466
23.7861
82.25686
52.8242
53.15428
34.79122
33.54876
73.834
95.8351
32.77803
97.81973
28.15423
47.68679
84.6394
24.33483
66.44827
43.86057
23.17732
73.51567
47.88861
76.63621
86.33811
67.60189
29.53444
43.1795
85.02089
26.00671
53.23516
53.32255
52.31227
37.81229
95.76161
72.09986
69.40263
68.49081
32.01185
48.02418
86.83989
69.06199
97.71208
46.4614
29.51807
22.86804
45.27021
30.87982
73.45586
67.75854
44.03829
26.11557
49.16914
85.93574
52.30542
78.49278
38.09902
37.07167
58.98791
91.55291
30.89241
93.22647
35.42642
92.85414
42.27439
30.15057
42.85662
79.38698
31.53948
98.6881
44.60114
38.92461
75.36237
84.71359
41.78596
79.91523
33.31014
98.24791
25.70851
99.22409
72.08018
26.44366
27.35477
41.89939
38.72115
79.96274
25.6487
50.99521
99.62291
79.83686
90.27589
28.54747
73.82403
21.35924
85.13942
25.29768
73.25582
29.1805
56.26942
99.98071
95.47902
63.62663
94.71963
28.37571
30.75985
34.37436
65.77437
78.85285
86.2381
70.16447
99.42917
29.60759
33.36552
72.23292
49.70105
32.47268
79.36451
27.703
69.68394
30.17204
72.22395
38.77449
98.83295
71.52442
90.08577
52.15511
50.7899
56.20384
46.88217
94.58617
21.87754
77.70434
91.4543
69.15357
57.60836
82.23778
95.75075
35.42259
55.79757
56.84312
74.85128
90.43292
39.24177
67.91774
83.00842
46.25782
67.37083
37.87066
66.12515
82.59639
97.19831
75.33828
69.69437
77.14932
68.85882
86.64899
88.99704
41.00882
69.62591
74.79607
31.51447
27.7163
62.05908
42.21284
68.96022
34.66782
75.60217
87.38248
88.68251
66.78878
27.37911
60.77936
31.17161
70.97025
70.3894
96.32621
69.66925
40.55976
42.00211
61.03896
57.71466
81.84011
42.2312
70.4823
37.17892
77.73909
70.77838
73.87505
83.97969
85.91112
65.5603
25.8839
87.81225
90.94588
55.3264
94.66972
52.23276
66.72529
31.86388
29.96276
29.54068
74.62811
69.10165
25.45843
52.90734
44.26871
28.41626
72.53904
90.47081
45.93867
83.9792
75.1267
23.63459
83.65593
89.20818
46.1562
57.52534
87.04062
48.16693
54.54735
80.59638
54.32621
60.18392
21.37658
98.86534
40.55979
54.49797
84.37162
35.02664
43.09388
40.33928
98.68969
64.57599
76.30548
51.91741
32.93517
77.49967
55.27866
66.23689
59.99897
78.56835
31.9915
72.29829
72.47477
78.35327
82.28304
52.17729
99.54218
34.87452
78.06544
67.85371
74.48288
53.4075
29.35757
72.78214
40.63374
54.41057
92.10629
37.02156
38.9798
24.01723
49.19283
39.36787
27.25886
44.54226
61.8165
98.36341
90.81653
60.62538
82.55407
62.33824
90.982
68.28274
90.77499
79.22801
91.06264
75.88889
25.58274
21.10608
67.69314
43.14132
60.83777
20.95497
30.14966
53.70662
48.01009
44.42705
20.80206
68.1122
48.15683
62.52015
72.72006
90.99819
26.24602
21.68112
24.19047
26.18701
94.2882
70.15601
91.07058
47.30633
44.07598
68.9821
75.60434
92.64002
60.23566
72.26287
74.1821
74.37928
33.63233
70.48589
62.00917
26.01621
63.35403
67.32545
89.32942
61.809
21.98191
36.95423
70.26168
58.66289
26.71897
80.81719
44.41833
47.81011
33.94546
60.03345
72.91489
84.20382
49.66267
29.85463
40.3289
27.84521
41.28974
62.19354
45.31024
50.0251
79.55394
43.82992
29.74442
92.76006
38.16339
61.19459
98.54784
94.24393
22.39043
29.61245
38.0832
33.56196
89.51502
20.5432
45.58011
95.73629
63.60916
85.04878
90.1845
54.44999
92.48735
87.367
26.76617
62.70227
90.3676
91.43931
94.88699
99.09597
67.89164
95.23163
35.12723
24.31145
71.27422
99.2121
61.05593
40.23874
53.04204
36.15579
33.80189
55.15408
55.66361
32.68858
90.3043
37.74265
39.05856
72.48746
28.84267
69.48328
41.2103
35.10294
78.08142
66.12988
89.79727
24.72673
20.33619
24.82723
82.56093
62.45782
85.92437
78.87866
34.19853
47.58645
96.54672
69.51275
56.04704
98.56723
85.91116
29.22829
75.03506
72.06513
61.75992
20.13817
76.46111
62.76392
26.52943
53.92185
79.91729
51.30597
32.06189
37.71063
79.27084
59.77042
20.86513
32.66246
34.22766
31.77558
28.03139
47.00986
95.44623
87.84754
38.98954
90.4694
73.46775
69.78441
71.12986
62.01008
80.95802
78.10403
62.96391
24.81822
69.34988
76.40321
27.52587
21.55301
43.74741
62.15834
22.06553
71.10908
96.25894
62.32674
44.12795
22.35509
84.82339
96.93304
95.69676
65.0732
60.88516
62.31517
60.37335
35.12886
83.23998
31.23186
77.22656
64.13158
65.60453
66.02482
59.39134
59.58542
39.38883
41.41692
40.84695
20.73529
92.59533
81.39468
59.36429
31.66967
43.57546
69.6165
39.73162
59.39746
76.4379
81.88997
60.63266
97.05262
62.25943
37.71174
43.73691
67.50136
61.21883
97.23039
50.95587
30.57255
90.5873
71.29769
94.78288
98.46922
51.46508
90.06881
78.06974
91.33119
33.21348
71.44357
82.12822
72.11257
43.86056
44.48114
21.87394
83.00884
45.11429
56.31604
71.55641
64.92985
86.45147
28.86433
53.59024
82.18924
87.65769
37.69467
62.38568
61.94754
48.25025
38.88846
72.56875
30.92475
86.17179
81.69744
96.82292
27.74778
24.80098
29.38127
81.87148
51.16035
53.71995
46.05972
40.4486
69.72085
94.39286
88.8038
45.23719
71.4431
62.00134
72.82447
88.58532
46.44676
43.19136
55.54889
89.68894
85.26638
39.97447
45.1113
57.24873
75.91502
65.31637
30.82635
71.6663
37.64474
89.2117
96.42005
38.61578
84.70822
75.08989
97.7479
40.24564
99.08127
90.56754
37.02623
89.20896
32.6129
71.8317
61.48595
34.67951
88.6844
97.1721
29.56995
36.64856
35.14078
32.49412
43.13197
37.80144
29.3847
68.57706
21.12704
21.00407
21.2869
80.71048
97.32078
41.3103
67.58608
53.22273
83.78547
87.94571
97.23642
45.8258
86.85841
26.16053
66.2942
23.53227
61.21674
52.51738
39.1708
93.3996
71.64537
92.72358
60.57909
29.67104
90.14532
75.62715
57.33701
27.20088
62.69549
94.03249
25.38641
39.27491
27.11952
48.45571
92.44202
62.24223
71.79151
84.13932
88.3416
64.85241
24.09351
76.09894
20.25695
55.50925
26.36433
43.78031
96.45551
45.79944
82.16217
82.63921
38.37961
85.10142
81.0752
93.12059
51.78916
96.51439
30.19475
22.24791
78.73655
86.72898
79.35215
81.88978
79.34521
78.34828
72.24256
67.13997
34.9512
90.03852
68.50658
45.7149
63.80702
35.18964
25.98632
43.96757
93.54418
78.83565
22.06409
59.24554
51.67328
85.93499
52.84207
36.26371
97.80001
51.56921
78.23252
35.73435
38.5168
42.90829
74.563
43.65545
80.71056
91.20327
91.48565
25.9824
55.7753
40.13602
77.23955
75.07134
57.30177
92.00687
94.64404
84.26148
23.75389
42.65281
65.24931
91.67808
45.44098
51.06999
75.43424
54.75726
29.45132
31.16901
42.48343
61.16276
32.16506
25.25059
82.92903
48.59073
87.98655
71.51565
44.11687
28.15789
93.62548
86.98152
27.19666
46.12149
94.91831
93.17278
41.6874
46.13692
23.02643
44.00039
65.35404
74.93469
38.2736
29.20244
23.54303
44.01385
54.94574
59.6219
28.75373
22.34327
35.99053
83.60803
39.81171
69.92156
74.09697
89.35742
22.78909
94.17185
87.93605
91.47552
63.52237
60.46408
93.77592
53.75286
44.28797
75.56818
75.20916
50.66785
43.43448
69.00919
79.01344
42.72532
23.91502
65.83684
39.69343
20.39206
79.49841
96.46297
76.15642
95.0348
80.89271
56.60345
49.67338
87.97495
83.24899
41.44473
74.42342
33.82619
56.82
68.75505
43.50585
89.75578
66.60492
21.91272
72.14186
69.08444
51.01848
71.75504
99.17089
51.67749
27.39547
41.88709
47.12277
73.56547
63.54915
63.93868
54.41674
78.07306
85.78468
26.01226
94.73169
32.32058
52.38741
33.75233
48.43255
66.97153
43.41877
26.27452
37.52947
21.05909
87.78062
49.23472
51.41303
26.39046
57.73535
71.18885
58.58849
88.85163
91.26416
59.10736
98.22714
50.19794
53.06694
45.90856
98.42566
41.30797
95.81771
47.27354
63.0162
52.53036
42.09138
34.42326
24.26762
25.36819
76.32121
25.51981
75.15326
84.82793
67.71396
73.41499
50.21057
78.21084
24.46715
87.08638
76.22296
71.392
39.57374
57.98972
68.68899
51.60751
20.27137
96.78573
89.43884
54.49946
94.90493
59.84228
95.63069
44.55886
95.94899
27.05578
88.1072
82.89739
58.05759
22.00116
74.19447
70.28378
90.83016
21.8683
94.48679
90.18594
33.1774
81.33225
87.70262
32.97542
52.94599
50.11775
95.28368
56.61501
46.53406
42.92681
98.19132
51.06574
33.97154
78.25779
55.34751
82.09276
37.62673
22.93885
76.63338
78.93618
31.71118
58.09096
68.54899
25.41864
96.66495
20.4198
33.63553
61.56047
74.73468
99.77847
20.78383
82.41077
60.59759
95.9416
50.15812
70.76193
84.97284
32.37811
83.81165
83.54395
79.64114
21.34113
65.23162
38.62495
92.00649
65.48
95.01672
37.4863
45.13896
52.94195
65.3264
48.507
75.03269
20.33819
26.48125
46.51009
56.5341
94.95873
29.85309
43.46812
47.0456
30.32264
57.62016
94.42379
58.40151
42.36834
58.28413
44.74243
90.44139
45.7603
53.66778
84.58585
88.37451
20.31897
55.07921
65.76183
41.57645
93.33537
58.6708
89.94187
85.74629
56.25464
43.55655
51.03038
83.18016
30.30219
22.04754
59.76745
39.50937
29.07311
37.86578
85.53914
97.87875
58.63048
99.47916
33.98199
62.32279
43.92872
60.61852
86.39118
80.58758
81.0229
40.36402
28.4084
65.80579
77.03313
21.12174
49.47935
27.05987
26.06994
28.1219
89.14775
34.61685
63.03454
30.52194
53.27657
41.46362
60.24062
49.01459
58.85989
55.03054
68.40494
44.70666
92.33758
46.46094
40.48398
48.85269
64.41155
73.98103
21.20428
33.63195
41.31755
28.09432
52.92038
37.7179
99.23647
63.88281
55.82147
24.01186
54.43629
95.83985
39.48949
90.45025
30.01769
46.00272
53.26162
79.12102
49.253
52.43626
84.69815
77.34236
95.31827
77.70274
49.27979
77.09121
79.97534
29.2662
71.28451
38.8928
29.43978
50.47356
49.08083
29.87991
74.31456
48.89474
38.48166
84.5588
73.79662
81.55515
64.23135
83.65126
80.79106
64.31736
59.64768
50.60003
83.21864
34.35382
91.19008
22.79555
78.77267
65.01901
30.80539
57.88386
29.4278
68.12764
45.08835
57.63356
27.41207
45.75473
23.65519
70.22828
73.27132
49.8727
36.02669
41.68651
25.97121
20.26173
35.98157
82.89804
87.94796
24.68653
36.01059
84.64153
75.99464
31.4983
93.34197
47.55389
57.24826
88.25995
55.37305
21.84165
34.15084
43.11977
46.89914
54.6679
27.53176
78.93481
58.7023
88.63322
47.11633
33.68002
35.9522
92.68031
64.75924
41.36556
62.34073
34.61285
48.21349
35.10554
85.31035
37.87852
60.37609
84.0483
66.89247
53.47475
70.31704
20.54177
37.11615
54.97501
30.12316
34.89365
24.53586
90.61741
86.79885
50.60372
80.15202
75.02499
40.18173
59.26215
73.43296
83.75384
20.71042
70.82599
28.31636
91.0289
99.6784
35.6638
63.57816
89.46579
44.85147
36.73588
61.38961
49.79254
60.39234
88.81673
25.63566
46.16548
81.98914
97.14361
38.08156
76.73914
95.19021
28.30846
72.48753
50.74829
39.71215
91.17583
97.42934
22.1264
48.09688
99.61293
76.82781
32.92848
87.42188
28.52362
83.64135
22.78486
28.97316
29.49109
88.6249
21.74627
35.34757
39.68845
95.36516
70.44922
79.87212
31.43371
53.61018
40.98118
93.32848
70.56871
78.54955
25.69436
90.14886
62.31851
61.22407
54.73164
34.06224
87.71578
70.43126
35.74957
37.17487
38.33969
78.09431
46.90406
60.05294
57.02837
31.94017
73.14068
28.53918
31.50178
68.02545
33.41396
63.35588
74.18668
47.39315
77.85244
76.3647
60.17007
43.33147
70.56458
71.99039
70.90247
25.41209
81.83262
84.48814
67.85274
20.45994
45.44807
55.49889
29.12204
74.30539
24.05583
43.44944
45.83277
90.15439
51.47476
81.78257
90.56004
91.7483
67.97001
74.7164
89.21098
42.07049
64.55026
85.88422
38.90333
75.95221
65.99371
70.50572
79.37325
25.3328
72.07015
44.0613
46.07579
59.88374
44.54783
77.55771
65.03091
86.42322
21.42058
49.08155
26.47629
70.79748
82.84829
35.82351
90.23995
55.5482
85.93646
76.90628
75.67096
87.49951
31.23023
39.63581
27.32573
62.3801
25.85374
20.57055
42.02407
37.09135
70.47473
21.88673
57.26878
87.78211
20.19483
74.52979
98.35834
69.18563
58.58674
48.05369
41.19122
30.91036
80.3894
86.15146
87.93312
64.54114
21.44452
63.83775
82.62716
47.62544
90.22359
47.05046
31.74654
60.63472
36.052
40.33619
59.93009
91.23498
56.52033
92.77486
36.70984
72.88706
54.46383
79.46828
37.38706
20.96664
78.06835
49.89982
70.41718
75.60454
27.8725
83.88463
46.62762
87.3914
27.1983
33.55582
43.11123
90.03256
65.30748
45.04458
93.03126
29.29129
29.01429
90.55608
60.06224
40.89492
93.14109
76.02327
61.35359
92.28041
37.9801
90.95658
99.26226
72.52975
79.04593
51.11553
70.13664
41.96431
39.3241
42.22438
21.81346
79.61048
66.45399
75.65732
54.06608
34.70683
89.32933
85.91586
92.34829
27.29986
90.93289
56.05801
36.4911
27.51834
85.60754
66.49444
38.84277
27.63346
54.34731
90.89721
71.99312
90.12732
21.62909
91.18689
55.73378
95.0134
37.9815
90.677
99.97295
33.98966
60.1844
82.62536
56.30998
56.33141
57.10911
55.26304
23.31281
44.36578
84.349
66.49564
51.19736
80.91724
93.37238
97.8118
72.76458
79.72891
34.29003
36.20779
51.79868
60.79214
64.7092
49.73173
45.95153
41.88908
21.85034
84.35491
94.86965
71.7276
28.69554
52.46685
47.79545
62.24101
34.97946
38.75065
29.64731
65.058
39.76606
40.34376
71.75335
88.95775
21.27446
26.11806
88.87141
27.18054
74.68971
61.09266
24.59759
20.27119
68.57795
70.87981
81.21457
66.05134
28.985
65.83666
25.8399
20.77296
41.64006
89.2281
76.9658
53.72731
76.57325
66.41473
44.06964
87.54777
45.9034
25.57736
34.18465
20.72691
82.66779
73.5046
20.56782
57.75274
55.60149
82.83623
59.00679
79.93566
77.10275
33.90209
67.2245
94.27421
88.88138
68.48583
66.89156
75.95412
32.30264
24.70082
99.8254
87.40838
25.1339
24.41793
81.39139
71.44351
22.73482
22.76199
29.20421
52.98009
20.06814
55.17461
29.8436
23.00335
75.43827
35.57572
33.57008
62.35329
59.37287
47.16156
62.8317
65.11505
94.10624
85.42621
76.26659
45.24657
30.67589
43.69437
66.89081
85.12428
30.61347
80.8973
68.3649
83.64346
87.93086
67.81533
68.09314
64.01248
99.40739
26.2629
23.07908
76.22244
34.59892
69.86109
29.42985
32.49511
62.57423
95.424
85.43788
51.26803
91.29568
77.01224
85.8641
43.31433
50.83718
32.55691
41.1184
89.22061
35.55964
81.81305
70.89278
68.65702
31.13912
36.54493
76.22068
30.72631
97.66938
31.58626
29.82505
40.18631
30.9172
35.60857
71.12844
22.06443
79.40158
72.03392
48.30374
40.74565
44.19116
76.92099
53.81869
45.13002
53.32232
50.24976
52.13492
47.40333
38.65802
67.64966
56.81509
55.68947
75.40837
45.01069
47.26069
83.33015
22.65771
74.49977
58.38033
58.77164
25.19067
29.44473
69.91331
26.52671
36.71557
56.25613
87.80751
30.84537
25.38241
70.97409
79.09153
24.85958
83.74101
71.54943
43.68834
24.28947
69.93429
49.05411
85.30963
36.992
76.50298
66.7294
71.38949
32.42949
70.0961
31.06557
88.11628
77.5495
36.41075
24.61458
73.97034
83.94803
62.33263
26.1376
62.38769
32.47413
79.23734
71.30201
48.40191
64.47179
37.89875
28.11639
55.58246
76.85503
47.79491
60.40786
61.51691
93.6604
73.21506
35.84694
61.95293
91.54747
99.83126
93.05893
47.0393
71.72718
66.41583
66.88278
83.76726
30.52035
30.18234
96.36042
88.37603
70.29521
23.6791
53.16315
87.36026
51.80359
40.0109
37.94477
83.46955
81.00025
48.6373
77.1527
52.34732
45.24809
21.12007
95.04923
67.71297
92.9673
46.94924
89.67333
34.96665
42.56575
72.59282
73.13756
30.62832
28.26718
26.79242
30.58165
63.1174
85.98838
65.56329
71.79422
88.08931
61.63911
29.25116
58.31757
60.3584
78.05064
38.75703
31.61844
68.90126
32.20761
67.61429
92.91618
64.25851
41.24916
74.89634
27.4224
49.25661
51.43963
23.93824
31.6386
27.3718
55.31704
40.34761
90.1018
95.22385
94.51274
42.24087
54.08302
92.6533
61.53024
57.09285
46.86433
68.17725
62.04126
92.45721
31.5828
47.17984
31.36679
41.84644
46.41211
36.73562
24.20549
27.49202
57.63639
43.12933
57.60202
86.70487
66.46964
76.57302
72.71086
36.26341
57.20956
25.22254
57.26879
84.41944
73.48628
70.11716
24.84299
61.05261
74.77009
98.89972
42.65094
84.61729
99.59676
20.45879
79.4226
20.6533
73.79855
49.60759
21.65388
53.01053
68.69119
49.91396
48.4671
25.26187
62.9799
97.26981
85.64166
33.10452
80.7219
37.06021
87.79977
75.23754
22.01796
76.2854
84.57477
69.33989
64.72667
59.46462
74.90463
72.93884
57.83951
89.01672
67.65032
83.33046
87.89595
32.59077
68.0632
52.3654
61.75256
46.57062
50.11525
29.10769
21.21894
40.1607
85.51422
49.66691
73.7062
56.34117
34.25951
98.01643
97.54148
88.04053
25.73327
49.79454
77.33699
29.85554
62.38968
26.25644
86.86289
49.61265
62.88004
29.26601
89.78795
32.8729
31.87112
67.81349
99.02174
33.71973
97.95036
56.55169
92.74523
24.89774
24.70862
47.27009
87.09755
34.77954
73.93365
52.41394
36.701
51.83665
97.41726
71.31368
37.77159
92.35677
89.77465
36.8623
87.15055
56.54701
77.14703
37.02192
77.11485
24.60848
83.73656
60.79008
54.53313
30.27702
54.077
91.88901
77.55333
51.56038
50.42108
90.57288
75.17781
32.96851
50.46633
51.6367
74.90949
57.16863
50.86078
63.06795
98.34368
21.58684
55.50218
74.68934
90.97678
27.3234
72.66682
99.64289
51.98394
95.66997
90.25466
63.4508
39.38553
24.46002
81.98957
67.11852
99.80393
93.70695
79.41441
58.16797
99.35318
24.81992
37.38471
26.80694
44.92962
84.87777
64.75899
23.94112
22.06943
25.76613
43.4982
20.91238
86.97549
66.57562
45.5634
82.43399
30.05771
41.55212
51.93608
61.38732
51.49526
20.49895
63.1243
78.02016
85.76443
83.39557
51.05156
28.72166
67.63624
73.01637
51.87322
80.94917
95.09109
27.13929
39.76063
69.39285
41.33411
92.85294
91.65655
51.37758
57.46861
95.80005
43.02541
38.04395
28.50978
96.84502
44.96675
60.41683
51.31151
54.93075
63.75474
51.73062
34.19565
68.60187
29.04522
48.8684
29.12515
88.6219
94.06733
72.1968
51.42712
49.52078
22.43099
72.77747
34.11259
40.86706
99.89049
63.78807
97.34327
78.0362
22.64295
57.18073
43.79551
93.48536
25.5773
29.8407
59.70485
97.22662
66.36174
37.29782
62.09747
86.95973
23.43931
24.70773
79.01349
56.81594
73.35362
57.41537
43.07006
43.56697
49.54539
77.25688
35.66481
27.57059
74.84686
39.54945
42.90126
55.73122
26.40404
43.16472
87.69894
75.01619
74.31585
89.13761
66.82162
82.02692
59.68175
98.38031
96.92717
45.7238
68.6688
85.96158
62.13989
51.00591
48.53862
53.85705
65.37937
26.5713
30.76615
24.88225
63.9094
65.78175
31.6052
49.5871
90.82
70.35654
67.11256
68.80098
32.85708
86.97741
39.36163
57.09775
61.97104
31.73657
34.72222
72.69025
69.26389
37.84956
38.6877
80.29014
54.2353
80.96858
81.95428
56.54493
38.67604
69.94787
66.72137
75.00619
37.5499
35.90546
69.4892
95.60473
50.00287
24.99573
68.67547
45.61001
74.73451
81.55797
60.3579
57.02424
66.58663
44.90049
86.73623
22.30316
22.0896
38.17107
69.2093
77.88838
33.23206
23.34684
95.53519
57.57038
49.5849
67.84523
68.84399
97.91812
53.36832
30.67218
66.66443
30.78969
37.4095
78.99667
26.71379
32.31067
71.67242
73.73313
42.45245
81.98851
20.98378
40.09169
45.1295
51.51558
47.08138
76.23977
91.9035
47.54401
33.71605
84.35875
65.02791
60.2007
67.90163
82.46132
40.43347
67.66356
21.4404
72.3127
92.5083
96.31732
37.24794
40.85389
74.11765
81.35483
49.67942
22.22421
49.50002
63.17573
30.48511
50.08108
87.5679
77.99192
83.97042
51.1366
52.07019
56.80748
72.53195
77.25714
22.12557
25.15284
85.44761
46.87978
34.82193
72.95021
54.71315
83.74199
95.9514
77.74155
51.52311
62.28752
29.31929
52.33455
65.22783
70.12055
70.07926
89.43259
30.44389
27.97749
79.5479
39.34451
37.02484
58.018
91.84858
59.13848
71.91604
24.72112
45.45284
35.67291
33.88217
75.68236
36.73731
38.00248
57.19067
36.83216
44.08219
63.08495
39.17588
69.84374
54.74543
54.27763
79.82875
67.24912
85.61965
84.23087
79.75424
99.23356
82.2361
32.0775
51.97454
70.87904
69.21861
68.84222
93.06028
29.86315
95.52147
94.91038
25.35377
67.71701
23.74637
65.20823
59.98504
31.41671
53.71773
81.50861
25.14884
94.05645
55.94221
99.06545
63.23763
28.43452
82.23088
65.67267
51.46306
76.00441
56.60658
29.66456
48.65849
27.80636
37.73115
89.12979
27.18144
88.7145
74.80697
25.89826
46.27556
24.54853
46.70607
45.51686
83.24567
90.7799
44.97127
45.50013
94.02991
72.23588
81.46137
54.68323
40.30747
79.9613
65.4376
98.85973
89.10414
94.03891
81.65392
63.84251
94.56933
33.18801
29.24421
83.15949
69.9263
66.46602
20.26275
91.11709
56.17964
79.07146
59.37385
95.32523
83.84162
49.41348
40.49024
20.06868
20.87599
96.05974
85.51202
55.27354
79.0946
90.75947
36.17193
94.80507
79.20547
79.40306
73.49351
25.38372
94.39041
81.62015
64.37743
22.67849
68.94043
98.19238
25.71323
46.68515
66.50836
58.20465
99.37536
53.02811
91.6472
76.90005
52.39394
66.86748
56.30953
34.31305
91.74819
89.09773
31.47294
61.78616
63.7848
38.72076
55.78965
56.91317
40.56432
43.43715
37.78125
83.9225
67.76155
38.9218
25.06285
31.74666
85.61974
56.13121
28.04364
35.6335
27.94233
84.59236
86.73313
46.49976
71.25706
25.12553
42.54375
45.50077
59.26992
44.46599
27.09231
32.86679
34.96812
72.67523
88.72357
96.39984
94.71409
40.58228
96.49938
86.9827
36.36363
33.96736
38.70411
99.50533
69.71566
82.06399
27.46502
51.60106
27.94957
33.51776
28.785
81.17371
98.05739
24.92862
72.05718
97.5545
96.14742
77.5295
31.55957
95.1217
31.0858
23.28867
32.03004
70.57881
66.48911
67.38486
29.8662
80.24764
41.19779
30.94581
83.44491
89.44985
32.66003
76.73537
33.15968
48.41408
22.23357
65.34663
43.86298
35.66913
75.39
51.02856
24.07154
78.86903
42.1356
37.03179
62.98665
59.20611
87.15362
36.30082
91.89979
65.65662
39.00433
63.47999
49.30207
97.08088
78.86196
41.50529
89.28737
26.57311
98.18665
63.97835
68.45741
38.87324
87.14138
50.66185
73.74382
82.15008
41.30378
75.15554
90.85168
73.49465
34.77151
41.29064
92.98546
26.22384
24.90073
56.81478
75.4321
24.64285
65.4654
35.12811
98.56942
98.73935
41.13035
93.22563
85.08889
66.22134
95.41393
82.39325
27.85716
81.52951
97.84493
81.21486
95.14079
30.14684
43.08994
69.58287
48.30252
39.86772
39.70032
45.33123
56.75157
29.03741
87.92191
25.7178
32.87073
40.90584
63.57584
68.82761
80.69844
35.06111
23.40588
56.81837
81.35181
32.6112
73.6058
39.43081
25.90443
45.82924
83.62632
73.55605
37.96182
51.79971
91.27255
61.46217
94.49817
57.29364
59.17831
58.37812
69.46357
23.21397
37.90586
42.29882
69.9679
88.45439
26.00829
65.53564
20.43625
82.57842
47.80214
44.89109
67.74026
78.91481
48.48523
23.26565
66.75232
36.3598
55.5037
94.90792
21.08953
81.23637
84.34921
86.84285
84.25984
31.06396
39.18223
75.76037
86.06128
82.50258
21.64513
53.72474
75.3763
66.17867
44.5698
38.62983
20.07268
92.51892
23.60215
23.43797
67.49805
86.95732
42.1649
61.09668
51.00678
26.67573
86.21413
51.98442
51.67796
97.7681
69.1259
47.93133
56.2343
50.16586
70.46033
95.19301
35.29998
67.4165
67.04984
28.28625
33.91824
83.34283
20.42316
79.37397
65.44333
59.67188
66.49292
97.29442
34.71738
20.00548
75.50607
35.86109
76.11263
83.8101
53.45735
63.85826
98.53072
23.26313
94.32979
23.30998
80.94435
91.93323
99.96501
89.28756
91.0163
24.62489
24.70165
67.84594
73.11713
26.92893
82.52007
99.53078
71.66737
44.89978
99.87225
54.30353
29.3858
36.82383
29.0312
93.82588
35.11386
64.67025
52.48949
88.86679
49.28443
68.18762
90.94211
85.66784
24.72466
37.41507
85.85384
92.64235
40.29205
70.18025
31.49622
61.96779
51.48838
44.69419
71.98328
57.39279
86.05125
82.88804
36.54637
85.94734
59.47988
96.91492
86.25196
97.88634
23.89061
96.24382
41.56304
58.47385
90.56574
58.29201
65.30715
77.09418
54.78332
62.36709
84.13671
79.25115
41.35153
70.69438
44.10976
62.73937
55.78922
95.97452
49.07251
35.715
68.88807
82.04821
61.72777
93.19213
71.19543
67.53728
22.33707
59.13757
75.6948
85.27021
41.36167
92.07005
98.39094
40.89369
20.27565
77.63606
82.92198
74.54223
55.68319
90.27942
83.67287
91.87587
58.34892
94.55841
99.35246
98.10722
97.59535
61.31837
28.15956
92.7115
25.99566
76.05547
70.28934
26.49365
74.24196
36.94594
64.64313
30.4818
34.88203
61.54467
45.05932
65.97632
94.61091
97.26213
21.39476
30.57911
86.74762
41.34793
62.25391
82.26993
49.14303
59.90585
58.71172
85.61026
43.80124
39.41462
77.90392
83.62177
44.24422
99.3606
84.08843
35.21229
39.81137
98.72368
36.72191
44.75324
40.81403
27.00124
86.66327
58.74851
95.08379
74.79971
58.73581
84.09452
94.43675
62.91979
67.88013
83.42872
51.88607
56.63475
39.93622
42.24174
23.60112
22.42418
48.29369
78.32278
84.90981
92.44908
64.75144
74.07614
90.20138
35.73412
27.95299
60.92667
86.69562
59.35601
88.19027
82.53053
61.24807
37.75443
56.69726
24.70855
52.62499
63.92943
47.97818
45.33648
73.97169
44.14673
84.08163
61.57277
63.01872
90.03963
21.92655
68.08564
84.47079
75.17478
98.51821
87.24571
38.68167
99.89129
63.60128
23.30593
52.24338
76.14867
97.76755
44.02506
93.37184
68.83897
80.65625
42.08827
59.93088
52.10847
85.9503
48.64669
66.3119
82.29764
98.12786
84.47356
45.69227
22.72129
20.7263
63.859
22.8345
29.69388
78.0736
43.03088
84.07068
45.32011
57.91741
40.35082
85.52445
72.59081
90.17207
24.84204
48.00478
61.59183
44.71318
25.37487
53.79222
54.28346
81.30934
21.73454
68.88074
90.19305
54.47516
82.75663
25.2542
26.48685
98.06048
95.4119
52.02875
69.6263
35.25403
38.29905
39.75503
64.74264
84.64434
28.77042
29.30623
63.4924
36.65268
81.54063
69.70523
42.67692
98.18696
33.81757
43.23469
87.6782
62.97584
38.00408
29.69147
99.95315
78.97739
35.91974
35.38392
63.58317
35.30464
21.17908
78.05685
58.6483
56.13511
33.69323
62.53632
56.57267
61.94063
86.27721
20.22436
39.51592
95.7174
40.7723
89.09734
81.24909
44.14891
40.2327
48.71102
55.44904
71.37157
64.78025
46.45987
42.21902
71.93677
40.652
39.16342
97.28401
70.9419
54.26934
48.88053
47.26637
39.13391
84.24756
62.55996
47.37351
21.90234
74.55921
60.66027
80.56632
74.36418
38.06634
42.8934
97.30509
87.26464
22.59933
45.33664
59.0624
50.44185
31.90102
40.59047
27.72723
29.73173
41.40312
50.37099
62.28671
23.53157
78.16679
66.40761
87.491
25.47607
52.78845
67.21759
54.1623
30.19252
43.04386
33.8689
90.3352
41.73165
78.62466
97.48779
39.87323
44.94244
98.60316
81.32949
40.72743
52.64402
72.58459
21.70905
65.37432
30.30595
96.18634
52.27813
75.65809
57.08543
44.01586
20.81101
46.53466
33.59665
29.66751
87.45645
98.50034
65.59131
46.3769
77.04322
96.61389
79.4763
84.05149
67.22852
99.068
30.75513
85.92559
69.37195
75.6758
70.39918
78.09361
35.00112
67.51645
36.65162
60.40473
66.90054
86.57076
25.08889
53.95029
94.73724
29.21951
36.81188
95.51043
31.39384
35.88031
54.8504
81.52473
63.07237
73.33608
67.47102
36.89184
46.36422
97.63433
43.43438
40.57792
89.1009
61.91368
79.99987
35.44391
31.97
36.52464
42.12338
67.68893
98.69071
46.66644
87.16103
54.76615
87.31122
97.54534
97.92926
85.36655
63.63189
93.3788
37.00754
88.3373
76.91404
32.63426
74.13377
78.20614
28.63042
93.61526
67.99533
64.72821
98.15668
52.04489
62.80343
86.03777
20.20428
57.03521
64.11743
26.24212
77.84596
73.24785
53.04967
36.25662
68.65939
21.5277
46.14127
78.85751
43.78962
21.60889
30.12886
60.74441
87.77318
99.08645
22.9971
97.07978
23.91826
83.3197
94.22775
47.88254
75.7838
20.49152
80.78012
47.19783
71.15987
34.58125
50.14378
92.05086
24.82905
33.28713
62.59118
44.65501
44.47189
53.46535
29.46041
93.7103
32.09341
78.51375
82.38864
35.65334
63.58126
64.96371
33.39066
90.86222
66.71727
35.2952
65.59386
76.63701
98.20911
24.25594
44.77026
37.65251
54.42753
31.18538
73.56713
34.94925
84.49432
95.79139
42.71638
83.27582
48.95503
29.68757
73.07326
68.93234
46.68601
62.88188
45.65235
25.6219
36.79691
43.2739
83.19032
32.89049
34.09664
69.0499
44.21459
59.14896
88.38345
37.39805
97.85335
89.01974
21.9131
71.01599
49.86641
74.44619
80.18009
98.26848
95.25256
85.71879
21.3932
33.01865
78.0927
48.38674
54.51384
76.00847
69.1708
97.98376
63.17986
47.88214
68.54146
51.21763
41.70257
23.09217
30.34453
31.69944
93.21081
24.79144
77.75018
66.67999
43.29882
29.31547
40.17038
20.87616
72.834
21.61071
48.34784
55.98428
93.95786
97.36279
55.30351
37.48658
86.54047
64.60336
89.92973
68.35329
77.06103
72.3259
69.22807
75.40609
24.92248
56.61486
31.80616
88.87283
31.63708
60.47129
82.99722
66.69205
61.89199
32.9923
95.75523
20.60149
67.64333
43.0952
70.8814
91.42745
24.54103
38.38361
76.83712
79.16455
62.1551
57.15587
78.07073
60.29197
59.85285
96.50779
97.22765
96.46142
87.40826
29.64915
89.67656
75.97509
96.21306
54.93311
46.7145
87.30324
22.82921
97.30199
80.50661
56.13323
23.91849
61.10377
48.45256
20.63946
40.47649
80.28511
25.35305
52.29605
38.86583
84.29652
25.0995
83.20604
91.86224
27.44957
56.46168
64.30367
32.21772
67.47787
33.25952
65.76325
68.027
38.24033
65.91289
81.2601
61.1405
46.13835
37.69912
51.64335
25.42349
20.34578
32.35579
35.64825
68.87293
27.0412
94.57867
68.03176
59.65785
32.8796
82.44009
60.98568
79.87024
67.12525
29.62498
44.82547
71.32341
76.52882
79.97342
23.65591
34.52175
61.42075
44.02341
35.49924
35.11933
71.1815
89.27935
68.49075
95.75142
38.62345
59.51788
79.29451
53.50433
90.61793
88.84204
80.89666
85.77528
43.21674
84.78547
61.1133
55.76604
44.26025
83.68805
53.28744
80.3358
56.39632
53.42277
55.6518
79.91318
28.1247
21.01012
44.04664
88.06269
75.84433
36.36539
69.38292
31.75988
79.13154
86.5016
69.2279
20.8199
72.75012
88.98445
48.94776
89.85592
64.25525
73.87987
84.19373
93.77796
45.36961
30.13294
29.1266
66.89043
50.59106
50.72774
28.26138
78.64979
78.06604
32.8485
92.25121
69.14053
46.17229
82.4259
71.35997
81.95548
46.10147
31.07293
93.84355
86.10466
77.85101
42.59381
38.54227
51.43908
29.7368
61.75967
52.06557
26.81486
76.05789
31.31457
21.07942
30.04153
79.03958
33.48817
22.2669
47.24076
55.79887
35.01832
60.0964
53.9138
34.66202
58.50982
63.26241
76.71956
95.66336
73.4509
92.69873
79.08281
43.18426
62.00497
31.29335
50.03579
85.49163
57.00158
21.28212
66.73609
93.13431
41.42811
69.87113
24.6976
64.22114
98.84982
49.86527
23.53232
86.05145
67.44974
27.98529
48.6711
59.39769
65.26485
93.64692
44.39242
21.53961
95.28187
64.62475
78.58747
87.63178
73.11917
60.93644
85.32967
71.2444
89.40353
77.26975
87.68589
94.2769
45.14771
99.29475
98.09137
63.9491
52.70285
84.17673
67.90322
83.35222
87.12271
71.48403
20.87787
50.76289
37.53827
96.97198
75.18991
69.67529
67.78454
96.79843
79.91048
58.7905
48.1159
92.3873
69.18861
34.33629
41.39304
83.34808
93.36803
44.42527
70.07733
57.85202
95.59477
32.49801
58.52131
70.12698
68.63822
21.49957
52.4763
88.09205
41.29709
84.22448
65.90431
34.70827
61.34153
22.91973
85.81413
64.44273
88.51789
55.78531
20.99348
75.86117
99.17476
87.17577
97.59215
45.41951
33.59968
49.38948
38.55741
48.86275
64.27119
55.93562
60.33299
61.03098
41.7827
38.60056
99.34926
73.28955
88.82403
80.42745
61.79493
55.52092
34.54411
90.59217
42.61907
38.79823
98.56192
94.0164
40.30285
70.58634
94.74785
41.91879
37.36886
94.58891
32.67289
89.55537
36.20409
66.09556
39.27671
59.79506
57.43718
64.06132
31.56088
46.27029
83.62558
76.08687
69.46086
71.49679
95.41923
75.57726
53.99576
49.01841
86.92436
58.35538
76.3389
49.1528
40.56867
69.4052
35.31633
70.12673
93.65569
45.79836
76.27927
33.01226
52.42105
29.82076
63.80199
94.10189
61.68601
37.26565
81.39487
58.34941
31.2223
39.89055
48.05676
26.2687
77.03956
73.99229
35.55795
89.85861
28.77531
46.23274
29.77409
83.20227
87.41907
61.48799
52.20778
77.54292
51.85817
42.42229
88.77798
33.26108
89.94818
69.02307
84.29144
65.53666
31.66771
35.72709
88.57702
56.45755
84.1302
44.37925
95.63082
34.77008
54.07547
61.33212
67.13908
39.0644
80.29466
96.01563
87.61162
97.98331
30.1554
73.99665
68.34386
42.54268
34.81741
96.0252
97.23585
58.8737
86.21851
71.7629
57.89027
30.43582
33.62881
36.56455
30.4737
55.68057
56.26633
97.26562
62.21707
39.21212
31.15785
89.34632
22.01278
25.93988
90.89108
72.7699
87.35087
31.31241
33.37821
68.24285
51.50911
60.18621
23.31524
40.11743
52.8103
25.14619
40.41275
92.59295
53.8409
32.86101
49.90161
83.70381
33.11739
80.80175
86.24283
27.98751
43.63448
99.67937
34.32889
97.09407
45.09657
47.21668
24.36265
47.16986
28.64831
69.66261
43.09374
84.60019
37.01377
53.12417
76.90995
75.17858
80.29286
38.28076
65.16108
93.69858
90.79611
39.09933
49.14341
30.21205
63.36485
96.09259
67.51889
50.34241
93.42736
59.99557
53.63752
28.59305
92.35009
44.48605
37.17071
51.37931
20.3201
27.71667
37.48858
22.34207
61.70911
32.42456
75.59245
88.79037
26.0245
91.82919
23.63335
89.91694
53.29948
65.82265
22.59849
98.67124
97.70107
41.63936
90.33387
52.13042
45.35268
62.77058
64.95629
91.02592
63.05146
74.5715
80.51605
60.85752
59.5129
34.92238
50.99412
51.38807
64.40164
57.69951
51.98773
47.76048
27.28634
58.74252
73.73472
31.14945
96.04575
74.26796
63.3667
44.3321
83.07568
29.31636
97.87953
89.29774
97.3555
96.59631
43.05771
21.57239
39.70949
97.21903
36.55449
20.64879
80.4513
31.27844
86.27142
93.53658
47.95498
92.27181
90.0698
32.93709
23.23969
74.295
71.64349
56.25093
72.20238
50.50659
54.25803
28.5803
94.06887
51.02769
96.84022
63.42607
85.99914
92.10265
45.16687
60.02869
28.28532
57.8283
67.4011
76.36439
65.53864
53.57674
46.35779
53.96711
30.50096
68.27479
66.7751
85.36902
23.23633
62.62823
23.25713
70.52146
34.61475
58.31267
25.50252
81.7194
24.19264
91.7924
24.99903
31.47308
87.35162
48.2917
40.30656
60.00933
35.47018
22.06525
87.70534
62.55235
32.5444
54.71307
42.83054
43.89035
46.03609
79.90163
69.66546
85.61399
54.36568
52.25312
37.18123
49.16919
93.52718
70.82901
72.43438
70.42238
58.19366
60.14818
43.02267
33.29905
50.10075
25.4907
33.21369
55.0403
66.98587
29.71134
86.35729
81.13345
99.15669
73.77641
69.73698
66.50719
58.04603
71.13077
65.64536
94.28451
54.11148
49.39593
86.97959
35.1899
97.53827
41.89545
34.75161
82.80692
74.07374
78.27261
23.65547
97.17003
76.67318
55.30903
88.1442
39.53588
78.69275
76.464
84.53826
65.64477
79.17501
56.20518
33.69118
95.71598
56.31908
61.51559
83.35919
86.7824
35.61961
49.4113
70.88633
51.80258
75.23924
90.82535
82.88002
28.67837
96.5976
48.73514
96.94962
50.87929
36.11909
65.46933
40.15077
50.79357
78.11542
47.71847
29.39775
66.83703
54.45255
89.21111
56.06759
49.42582
43.763
30.42647
49.5999
68.21255
82.86023
87.98395
77.76606
29.55702
92.35299
46.9111
68.85984
26.05952
40.71788
45.63187
68.37955
86.13476
74.44382
98.15007
87.08967
32.75814
90.4144
46.90229
79.15458
60.84525
28.19881
58.84111
43.34406
82.53101
85.79711
56.56539
53.38191
56.74895
78.32774
51.29797
42.74955
97.95055
64.79366
22.60247
93.65856
48.69749
75.7296
83.1577
94.9966
91.57488
70.44505
24.83504
67.26642
34.56547
71.56386
83.20866
60.22127
99.84421
54.94162
66.01346
72.65071
88.41433
68.29189
69.22651
71.88257
75.79735
20.65776
34.60027
80.96359
65.04967
82.58836
76.95088
50.04605
40.03399
84.64494
53.25774
29.5327
49.91145
61.8998
98.59672
64.80911
67.8754
41.91529
74.08415
50.54769
82.92945
35.12642
54.16643
46.51177
30.41077
29.57433
99.55634
71.13172
35.16244
63.70922
79.14595
98.30861
27.17712
68.94955
88.52369
79.10315
65.68478
22.35319
76.96627
59.11299
99.38403
65.37408
74.48523
52.69735
87.88355
87.13859
97.18365
90.11342
91.1608
56.97783
98.31709
69.72205
67.78807
61.64185
96.13144
70.34462
49.51319
69.55414
61.62186
81.90928
47.76875
51.18203
20.07728
68.45164
95.12536
69.24524
78.7661
77.61694
82.42257
47.92019
26.16014
43.93536
47.73418
85.60461
89.54713
77.39825
77.74652
37.18765
58.38447
66.0591
42.71163
81.29496
20.69781
75.92615
28.80386
25.86087
60.98969
36.94996
43.43362
35.55819
22.46178
62.24215
36.42201
29.98705
62.55652
25.10064
52.08501
35.36045
92.06041
51.91651
89.24709
32.39243
50.91476
90.73547
81.14467
66.50091
78.96645
24.40857
75.54598
22.81891
47.56837
35.54024
42.089
47.32389
96.08437
88.02808
93.59979
93.80589
26.66982
26.80835
75.44822
28.3921
71.8297
53.33415
58.44705
79.05556
85.48128
50.1667
41.03856
36.06989
26.63454
40.14801
59.37811
40.8351
56.70837
75.74478
35.04917
66.20087
77.27166
61.79216
99.23019
23.83161
42.59508
39.14482
51.5756
71.26764
76.26644
81.42489
25.36908
32.1989
25.07127
89.66992
97.96165
48.84704
90.98354
53.76697
47.0038
45.63218
32.71461
26.73226
65.94536
54.63635
27.09154
71.44245
55.87153
48.93798
39.26456
76.08389
25.7406
72.56969
30.01674
64.8603
53.5459
96.19855
86.5476
94.64596
74.8352
40.10823
38.4969
44.87447
95.11727
41.01865
43.81348
40.80744
83.81444
61.645
61.17043
36.85385
76.5692
92.26011
48.30165
44.69233
38.13595
83.98579
30.13564
64.63446
35.19256
33.31451
23.5991
67.17809
74.40651
35.45348
59.88154
29.92635
92.82506
25.09514
59.81651
32.60528
67.80388
81.85502
75.39434
32.98418
33.41645
64.17589
53.3718
55.59707
96.73597
51.28355
75.38754
77.05284
37.82284
72.95572
77.34689
44.32886
53.50594
45.84769
39.08572
60.15222
88.14
38.9019
61.13754
21.69489
32.21233
37.3253
96.90591
38.51763
50.48303
30.65596
54.01165
99.29647
75.17225
82.41827
40.60815
51.52997
44.89533
48.48855
69.3556
94.20799
95.25049
65.59108
37.7811
37.49416
86.24889
35.5515
85.5902
54.19479
30.02915
97.72201
56.13293
48.35643
36.41199
65.89491
50.27583
72.2826
32.50842
81.35411
43.87337
79.19315
83.63117
65.37447
84.11321
62.17034
93.63116
63.07412
23.01396
96.1936
93.03064
46.98358
57.35753
32.86228
81.5752
29.45505
70.76104
61.52491
71.45829
24.80235
68.88317
74.56031
61.20569
31.63084
37.51653
42.09207
70.02434
54.00581
23.24132
66.40986
38.46898
57.72902
68.85448
36.82144
42.91667
65.1477
43.2186
37.23873
42.62966
96.25521
65.28404
50.37722
93.73932
33.90134
50.11357
67.84107
74.28727
39.514
66.87473
37.87875
25.07477
38.97649
52.43696
34.11024
44.89345
73.30986
40.02149
74.57814
56.30259
34.01584
61.81946
50.99669
23.73513
95.67033
41.1787
21.63492
38.5158
87.46906
73.87515
76.42193
64.99786
45.67551
28.49387
67.53849
44.46085
55.18458
79.46541
23.43517
95.23614
57.6872
42.6484
20.11386
93.3813
22.40309
84.53116
44.72954
53.14084
71.73086
50.86872
28.72666
78.34083
53.92103
82.17578
50.95599
99.31905
91.62088
31.46268
95.6132
35.04902
76.70213
92.0717
45.59481
61.08309
66.8894
55.56134
81.78792
59.34864
91.38328
65.51369
70.83029
82.17045
98.92027
67.13722
24.29079
62.74032
42.11104
93.30861
51.75721
80.92752
60.27017
58.04057
34.76793
26.66534
67.68216
88.26954
54.29477
96.16662
96.10722
23.45196
69.32343
25.89986
30.56936
61.92442
36.35634
41.7423
22.67944
98.64801
94.04913
58.01489
39.33919
21.64308
92.63984
49.89294
59.79177
50.22221
27.38503
81.91492
73.44674
25.67249
98.27879
34.15092
91.15349
33.75497
88.33868
50.56069
71.58596
54.58286
82.15274
89.38397
75.83795
44.02421
56.24691
82.30195
48.57067
68.05485
64.10285
51.40399
54.20229
99.23615
51.34998
38.81247
81.63862
80.68966
65.48762
49.96603
41.57479
78.99067
74.34233
34.45852
21.78349
57.23936
38.21369
59.05984
75.96126
35.05696
91.05167
99.68394
33.26278
28.78509
50.10429
91.48545
24.29362
78.04155
88.14056
63.95397
69.7223
40.10994
31.63276
37.89797
78.88446
52.25416
72.76479
93.24895
49.97688
78.64532
96.80463
58.37406
55.15466
41.99956
35.19872
98.01681
92.8595
81.42261
57.36687
69.15
31.92638
98.4339
49.94652
90.28095
52.37694
24.6173
56.21398
71.10971
97.44746
33.94327
75.27771
22.00337
75.06953
30.47652
47.94421
64.56768
20.28253
73.7676
28.51386
57.33327
55.94022
57.49248
29.31321
86.01629
74.71696
24.31025
95.45159
89.96211
28.52423
55.85353
68.48305
64.99678
81.2139
42.40626
75.75201
92.70646
55.41582
88.73798
60.65307
26.53904
76.25293
84.50951
27.47276
45.00012
