41.70785
1.797631
65.28186
8.569166
23.88245
31.26433
78.64231
43.63549
22.81213
78.06301
6.193106
54.68451
15.19647
24.80339
24.44037
25.81848
68.68392
64.44318
17.15601
3.374587
67.55185
9.962834
15.6383
53.77414
50.28485
12.15753
48.62833
37.01937
32.00617
70.59075
16.48484
3.852325
78.36595
79.6754
51.76153
79.57103
36.72861
18.23
46.43341
65.31749
34.13008
35.32512
20.58798
50.54149
75.17575
56.18393
47.49637
32.98125
52.69288
30.5491
53.94529
28.56811
50.73014
31.78037
35.12613
68.09418
30.65468
49.47252
46.18266
68.34621
78.44019
37.49113
21.3727
3.013898
31.92155
62.81446
17.14344
33.78926
63.57985
46.94767
65.22045
9.266918
51.60405
10.60806
33.109
19.04606
2.636271
64.89735
12.00103
24.14302
79.6906
25.24354
63.67791
70.61018
25.55168
70.43689
25.98695
65.57804
77.48114
60.05621
70.52194
8.722434
29.67923
37.3103
0.0018185
10.7681
40.67007
59.91245
77.12976
14.24508
49.90114
37.84429
1.462104
1.732797
29.7288
50.94256
50.08349
49.6061
17.87452
29.08966
58.32218
61.28189
35.47858
79.23759
35.17934
13.10257
28.89262
62.27517
77.65895
8.794611
56.19501
19.74216
6.977414
18.46939
46.42786
54.62501
22.99172
23.6725
66.35501
23.40034
37.07824
49.59144
54.76531
73.29106
69.53075
7.480823
53.43179
22.39184
74.46933
33.52393
62.76635
33.4097
24.42335
70.9736
7.439862
73.43213
18.40965
22.64203
46.75777
3.596072
5.843703
4.910224
49.5472
47.0785
32.70743
42.94022
75.50091
37.18417
35.41178
73.55219
71.08996
28.08438
6.083827
34.08534
55.00502
66.50224
4.509503
32.39575
35.33091
54.81436
40.69749
57.45759
56.83118
52.54165
15.36637
10.34543
75.60084
9.312769
23.8132
11.00359
36.53642
35.75522
22.11513
27.68538
20.66832
52.36563
25.47711
49.57303
12.57346
21.87503
56.00197
8.58472
37.63661
46.03646
15.00546
26.56648
79.8626
0.7077532
72.42397
55.91819
34.72225
48.01483
6.760564
10.94549
56.25644
67.35285
24.68206
32.68334
5.624624
59.90423
58.90827
24.54659
70.18824
12.50725
62.37874
11.0891
69.1975
39.88378
8.376049
43.30603
38.01463
59.13468
55.31946
6.788355
61.60381
13.9577
58.03782
4.426594
42.84776
19.15743
73.26161
60.26257
60.90039
14.59071
54.89812
57.20787
68.93546
37.6695
2.140814
10.72624
42.90257
75.18451
53.70907
38.3367
49.55505
55.77708
21.68854
39.96451
51.69475
42.92055
10.39151
14.47442
69.15495
23.96015
27.61243
14.52502
70.2515
46.72882
6.137528
40.09113
3.873804
30.0825
1.152804
79.75709
64.66234
75.69942
57.42373
14.24672
14.38369
40.82228
42.47695
24.95918
67.5688
46.98899
14.02074
78.9931
51.46944
69.93781
40.23131
28.25651
8.953427
65.7944
57.71477
64.79737
71.40966
27.23931
33.29871
4.95474
39.64831
63.29199
61.66
68.75139
63.94423
31.14037
3.10886
38.25476
31.04136
6.527005
42.54784
54.83323
17.02399
68.47379
41.57294
53.21595
26.5858
34.34227
71.67431
11.3294
0.5988098
20.05648
51.04273
48.65262
17.18726
15.43978
58.17215
8.429011
7.82524
24.99693
20.0229
77.32645
68.05796
28.53746
6.191695
56.28813
54.46554
11.24225
17.16243
33.38894
60.72023
75.78434
21.45332
33.98516
14.78087
48.73004
79.31039
63.84501
33.82054
66.24452
70.69771
15.05375
29.56985
38.5665
14.29801
52.83763
55.10943
54.53166
76.57875
3.350991
11.87761
63.94864
28.09407
2.383532
70.43068
59.8754
59.3888
76.74178
32.32789
32.09359
6.499449
43.60345
16.23535
17.3136
37.77053
74.694
14.84857
21.90204
12.63183
32.60454
6.322832
30.6947
33.78239
43.36534
70.37169
53.37782
52.72366
23.8157
15.54345
26.58685
76.0513
23.76128
1.654958
12.75197
68.91832
17.68239
21.40464
69.99882
55.47128
8.767784
67.46319
18.77274
28.55765
66.48228
43.03272
56.06048
0.4230703
60.12263
31.55217
67.48711
24.74826
8.440313
30.62793
34.31449
19.04185
73.48823
23.42547
61.10241
14.05085
61.63054
37.7786
16.92661
61.83654
25.18868
71.68037
12.52195
2.444772
73.01323
57.92657
75.08028
71.81517
42.34832
36.1506
52.84086
7.745025
28.79589
19.09519
4.185932
22.64531
44.80128
45.20644
13.06182
70.77239
29.5721
39.99782
54.34365
17.95636
33.45213
69.9869
14.93282
13.56275
46.74098
36.35571
50.79331
18.68529
78.90382
51.57469
41.31265
25.06646
60.38061
77.51174
68.96047
51.78256
24.93647
26.04067
75.87227
76.33098
70.98986
45.22365
65.74863
15.16222
44.28331
25.21165
58.22613
4.365962
42.96014
2.43539
18.36295
42.3624
54.34839
37.08907
39.89968
29.24674
31.51113
31.1075
30.09203
16.03228
29.04799
19.93522
58.69503
15.31226
60.3329
12.35181
5.148564
62.12107
8.417311
59.18166
76.17826
12.3059
78.35998
56.62851
41.44244
7.863329
0.141013
66.6974
64.02205
19.74779
75.08563
11.67323
38.78516
67.13229
15.28339
58.60464
75.33973
48.16144
37.42382
24.10499
39.12656
6.16502
0.4232084
56.99813
69.49094
9.675722
8.496051
9.763931
73.03737
28.37373
75.55561
18.03218
23.4541
48.9072
69.10774
21.91156
41.8552
45.17852
39.40203
79.05302
0.1765843
32.56201
46.66655
5.619115
77.61816
52.6434
8.204311
37.7859
63.03881
70.68698
75.12773
51.92141
11.93103
78.2659
77.18904
14.25511
64.84891
52.93244
65.89471
59.69454
33.71693
50.26973
75.64151
36.30868
3.939268
76.6755
59.90435
56.29864
40.68537
73.82354
4.649843
18.41726
22.21662
39.39396
76.42007
67.36767
52.35404
41.08414
73.5746
54.00474
65.27205
38.56618
62.60554
58.64365
3.252432
56.42614
6.687476
4.054111
53.23177
7.312183
30.9289
66.9468
29.06566
60.22213
18.64705
61.25683
78.86256
34.98704
55.6906
18.63025
10.42137
54.7442
49.78079
78.53079
77.18262
46.55774
47.80625
15.67955
14.93231
71.78862
42.37974
44.38747
12.09246
76.04998
41.26782
72.17085
49.14354
20.64085
18.31992
54.83771
30.94295
43.85178
24.17989
27.25281
7.872977
37.53797
66.26231
18.41182
47.11188
12.44321
31.3567
41.44816
48.56204
54.54209
59.62052
44.30915
69.16105
36.45667
34.90383
57.91807
33.21441
59.03131
31.61165
39.8192
19.1199
68.03516
6.011386
67.90019
22.49152
66.23529
38.94461
45.15504
66.2579
77.75402
59.24222
58.02414
70.54817
21.05672
5.516796
74.25053
11.1111
22.66597
73.00188
67.48395
15.50351
65.01768
50.54334
36.99701
52.42672
75.03307
22.37407
12.34067
74.975
23.48746
54.42075
5.119894
16.88882
23.17295
73.3104
18.33817
54.51979
69.83824
45.52288
18.54267
57.77684
36.78816
1.543831
3.609317
70.40932
58.10803
47.08598
38.63939
73.31921
16.28668
12.65083
67.18762
17.53968
52.14297
9.62461
15.59087
51.29554
13.60646
0.1270639
76.44588
79.85928
52.15123
72.24905
21.95355
64.4824
28.51974
40.62272
69.92382
9.794241
14.90505
79.07303
41.04689
18.45427
4.36912
37.6696
22.89092
35.8917
65.28757
44.5343
72.73126
50.88315
68.01695
6.447597
39.06785
32.35948
59.85894
13.83544
78.82308
66.22276
8.084255
53.78849
8.555855
29.94816
53.85789
44.46454
65.69445
15.06345
69.42278
62.94561
36.8546
56.77003
12.8681
21.33139
1.953496
22.65042
29.46711
57.74972
20.43607
33.61034
60.13626
61.26668
13.96797
11.86446
65.01556
53.10262
76.50602
30.24758
0.4878131
11.701
4.532157
22.90234
8.137133
18.49058
10.90623
60.72559
14.35241
43.2823
2.857657
58.853
25.94288
35.44131
28.97297
14.86039
72.42195
2.48906
0.4055885
21.8959
71.35048
0.6064133
51.6526
31.75838
18.47085
58.46585
2.9643
11.46704
37.73952
48.20299
56.87639
4.988954
3.308114
35.05459
69.3952
41.95821
33.4356
30.99525
29.41269
4.849249
27.56795
75.60765
67.29865
58.8755
36.7759
78.35969
50.17126
29.74385
54.19459
50.1413
73.70614
29.3197
40.88566
78.87702
55.58819
78.20833
46.35136
45.91045
79.0024
10.66901
79.54184
48.38301
26.77448
55.14155
67.92649
25.82845
50.42036
35.95522
73.81445
49.68705
32.5849
61.0615
54.76805
0.08323038
74.48532
67.40398
7.577916
13.29968
39.16727
28.92914
79.86113
6.518196
34.41148
13.22949
58.60875
5.138607
52.99017
3.424375
1.53507
50.83444
1.622737
8.213878
74.1332
34.375
4.144328
3.22671
76.78821
64.43225
51.07163
64.91075
4.866264
79.43359
50.89335
64.03923
42.84716
19.53758
30.23049
42.88786
1.221725
43.5023
40.01476
36.92913
7.721891
2.781363
13.21343
63.69405
39.41413
52.67303
12.69517
64.27304
21.24227
27.89516
66.2306
0.648729
51.17084
73.85148
14.451
32.29465
73.29163
26.11991
64.58779
76.57645
21.3599
46.10323
6.913638
14.50913
33.55703
57.88195
45.3226
67.69639
54.30608
7.997918
62.82722
51.21825
18.04776
43.48301
65.06859
8.328604
12.14991
10.39721
64.97565
44.35971
66.31509
66.67381
41.81013
44.66776
48.23039
14.75969
14.77431
48.09895
21.3753
65.6155
43.48828
15.36232
13.66494
23.19577
72.93861
26.55703
11.06635
28.49723
54.54317
4.983445
12.46342
32.77924
73.39576
5.895771
17.37172
19.80691
21.41084
37.5553
13.32878
2.222179
68.01654
39.635
68.43035
11.08672
32.83821
1.214185
75.3614
75.13517
3.458499
70.65486
34.94999
7.243891
76.9545
51.94858
15.16888
11.10599
34.07262
61.63656
52.10456
7.448462
44.18271
30.2673
39.72326
47.46529
64.94453
73.40123
36.34212
41.25027
5.161836
62.82124
6.378438
67.8147
77.88932
73.01482
15.93102
14.95698
8.169552
32.35806
48.98046
52.16968
15.50457
41.13949
64.04356
17.31895
13.57053
68.39801
42.04146
24.82626
11.1623
12.79787
78.14752
79.04364
34.60076
32.99847
45.30656
49.99728
75.40523
31.71214
27.08499
10.29438
66.29707
58.23945
71.54779
70.20849
45.39785
1.820349
50.22819
74.537
39.45162
4.616168
59.17676
8.967142
36.48978
4.173056
78.87736
59.81809
71.62304
20.87858
27.88496
5.58675
41.3586
79.65873
59.97707
39.22733
36.40591
63.89889
66.95413
67.49045
70.79796
32.41178
23.63084
17.24092
57.75581
24.26014
51.66117
22.84083
72.17839
37.27585
38.03915
43.45206
24.75681
27.36582
8.287703
2.12019
1.234515
65.37062
56.32092
35.66992
75.01836
9.166381
12.60579
55.52476
56.08888
9.139093
26.72902
21.56484
49.18223
25.32688
10.99973
4.11416
47.62313
20.785
74.40496
69.48977
11.96982
13.65134
33.63041
50.13376
65.76764
21.91279
12.55551
19.77966
13.22782
63.41284
78.30018
46.81555
71.65333
78.58978
53.52975
3.358016
67.68407
34.45148
40.77927
22.23633
18.0893
63.53303
3.43995
0.4462174
6.597888
20.74417
12.67968
4.113806
79.53689
46.89213
10.30036
19.39281
7.313168
43.0469
4.841555
62.52036
68.66438
11.81537
26.20949
2.290409
20.9271
35.37515
49.1114
73.39176
6.877705
72.13903
72.58239
75.0711
8.03894
62.14433
41.2712
39.22905
69.86011
37.15857
0.3435601
9.881963
5.02673
35.97547
29.20996
76.60295
73.21994
13.92801
8.815947
64.73538
74.9493
2.999018
62.03744
41.66435
77.64545
1.189921
6.278351
51.34792
36.61962
19.25572
15.49533
25.30383
12.11847
70.53776
68.87481
2.011812
55.81595
19.69781
58.04631
33.83982
77.9445
32.05617
11.88753
41.2718
62.75115
63.00565
78.34165
34.01772
11.03428
24.31991
54.47331
46.82737
73.79943
23.03367
2.745416
71.50418
69.29151
40.73207
23.20564
11.6212
30.22908
58.9537
76.34292
5.265364
66.66742
67.53313
27.70156
45.55039
8.753497
63.19691
24.15548
13.37627
75.00239
23.81573
21.74795
76.34034
45.36346
25.31099
31.00391
16.45136
62.5995
18.06241
10.24209
9.508217
63.2094
3.841589
40.47837
68.97346
51.71621
18.21641
69.55264
70.72217
26.47256
26.10427
16.99169
63.67078
3.541683
30.97929
32.128
8.307687
47.1722
70.11317
26.3304
59.8461
69.72304
70.97782
37.82861
58.32726
9.793366
33.76962
5.598402
11.89592
48.96609
66.96359
0.04003884
9.93378
21.44549
5.346269
10.75252
69.82288
67.30748
8.991691
59.51084
63.64004
8.969284
6.43127
12.56092
32.74234
0.01732482
66.56061
2.834707
25.21062
27.22223
9.808413
60.1867
52.36217
32.03453
24.17259
64.37726
59.6385
3.325966
57.66368
70.13302
33.42597
42.68612
28.05665
13.35917
78.01112
59.87199
43.89776
2.15506
65.07504
37.29001
35.84577
71.06767
40.18362
5.04948
6.715383
77.75986
48.65943
58.08973
31.24705
44.60168
74.75281
29.54098
16.22178
75.63045
38.2546
39.38238
70.28322
11.3623
58.77482
34.10499
50.25891
77.52375
37.98333
60.34114
56.15545
5.34965
72.16085
52.70963
42.50066
24.9012
36.05051
23.77848
10.94732
2.658606
17.48245
16.78737
11.01322
29.03156
75.02902
32.03429
58.02292
40.83481
79.48276
22.46652
77.85659
53.94398
59.34003
61.18355
35.07101
33.28311
50.03311
28.68247
4.705435
56.41236
48.87831
62.01144
57.01757
8.926515
78.59991
60.78504
6.994329
2.6318
59.5286
64.06986
61.21838
76.51639
20.40666
31.47978
22.86571
15.3884
55.12661
32.95633
20.36016
17.05214
57.59664
59.55714
57.76642
78.04944
11.66309
22.22391
23.02952
24.34158
76.3908
67.97134
45.9157
20.60257
16.7395
53.00688
69.99267
36.22238
76.38157
8.091594
66.55009
34.3513
33.76222
62.95582
39.99789
12.67464
54.66875
72.04216
75.7559
34.30888
6.075785
63.69146
7.596856
41.12851
46.94655
22.66794
21.02111
39.40559
55.40604
75.17819
51.92639
21.52319
3.899812
48.76482
4.956688
3.313
54.24361
62.00684
43.40915
50.84406
70.17908
39.98867
8.066056
74.27736
79.92842
27.57007
70.72742
41.9391
37.04713
73.40873
18.56534
60.2783
26.37938
26.01359
24.24444
55.75584
31.32352
20.789
4.344337
9.407472
32.7544
18.37016
15.75555
60.64033
47.59667
38.69489
38.82477
23.40522
1.936254
67.38847
0.6069723
33.89808
47.07161
67.9473
79.31238
57.54719
79.33648
66.49096
38.84671
18.33161
6.862757
56.01569
65.7106
15.13777
56.53938
54.57219
68.01757
28.31355
25.06193
46.82233
26.06984
17.73143
20.75148
11.03268
6.827953
65.36376
78.20771
33.74095
10.4865
30.69724
54.30329
48.07567
2.30704
50.42311
52.80752
48.34351
5.172496
79.43151
75.57972
35.30929
43.05884
32.78826
0.7588188
61.76697
28.76274
52.59551
7.596528
33.24831
58.27587
56.86279
23.36557
66.56647
23.26013
43.65661
16.19248
58.90004
40.52864
26.73723
76.55723
15.79556
23.83177
8.727085
72.46496
73.21719
76.56115
23.00569
55.29713
73.44345
48.53172
20.67443
77.32149
76.58256
12.60997
20.55452
15.78768
57.734
24.70855
28.55689
53.12863
45.45219
28.94467
13.39253
12.64129
41.9788
27.8265
11.31272
9.823194
73.27338
75.54193
38.97979
36.95182
29.87605
50.88482
39.98495
2.81197
54.97641
2.62347
33.3991
79.75455
52.93067
70.07912
59.01105
61.02071
6.641035
19.75936
60.04034
21.02763
1.215592
10.06103
42.98108
40.08326
32.43754
78.59217
35.33559
77.28599
65.49172
63.90134
1.45085
23.9023
41.61985
26.51421
9.465652
4.132618
49.37762
76.45144
46.05072
20.89614
73.51148
66.38482
47.53526
5.914392
51.66757
47.62707
54.7854
47.84481
48.35975
23.09943
6.220378
76.34347
22.87174
72.26281
62.74731
48.8543
44.49762
56.88653
26.49443
24.33745
59.58768
76.51968
75.00067
20.31272
68.11163
30.36419
52.64093
42.09857
5.000201
35.57398
47.91323
63.59521
56.5285
16.13894
43.72022
52.09223
15.40309
2.420232
5.617921
23.96786
67.60367
53.07087
13.9133
72.21083
50.18769
43.11419
19.09161
78.49165
45.93525
8.27082
0.6595361
13.738
74.31692
51.94596
66.90762
48.47684
4.023382
40.91089
62.14058
66.4461
68.1024
55.09436
14.56417
25.35551
47.50992
70.30402
74.32829
63.61738
54.68455
59.16473
69.96435
55.60922
1.121436
29.48631
62.14989
33.18134
13.48634
51.98226
11.11377
34.52315
12.60222
68.61901
46.89015
31.23797
78.79664
6.697155
76.99044
35.80238
72.14967
43.69975
67.39898
26.31903
58.42593
56.037
53.29612
49.44255
51.67972
41.15092
21.58008
49.44844
26.19999
39.29838
79.68338
52.69753
62.40442
50.31147
6.203525
61.61971
79.0591
46.96595
69.30314
22.11591
38.45809
76.02362
49.64786
9.238433
50.29732
1.777006
77.3666
71.66384
67.40629
74.07377
48.21835
64.23426
27.26024
44.31611
76.47353
9.467677
64.89179
64.30579
28.37771
65.3763
31.26777
11.38604
37.65828
24.62469
74.61464
79.933
65.11246
27.731
22.3167
27.89507
38.5978
39.507
73.08931
13.12755
39.33132
78.15281
44.31636
3.137549
5.106793
6.216567
36.20216
67.14577
32.17455
20.43048
14.00938
18.11702
67.54503
78.88238
25.82256
59.97995
35.93878
79.66626
59.31687
66.45857
63.41407
39.64859
73.21064
54.41907
57.75515
11.87141
12.65893
68.23956
25.14979
71.51939
49.46119
59.228
64.75275
51.65583
46.21804
57.79925
7.971747
72.36176
12.38295
60.37117
73.86331
31.82296
70.44251
54.71096
29.79259
61.00873
12.64412
24.08468
55.23448
44.08995
61.46671
37.78201
67.91912
27.41495
25.49597
45.12837
71.80581
18.85131
28.11886
32.46379
49.73838
59.68506
22.17506
50.33247
58.60252
77.49216
34.75035
24.45005
47.66349
56.0722
51.48491
6.046402
2.408935
55.66595
62.26656
46.14702
65.19884
4.988565
6.512265
43.32096
34.12327
58.1393
15.63443
63.88566
30.78587
30.21294
64.60663
68.46894
51.71621
56.45212
35.06051
37.27751
26.12195
67.61495
4.611019
11.70436
67.42921
4.502214
66.06741
46.61276
13.39483
13.95585
55.8651
72.28912
43.41571
75.11947
76.33748
11.21409
28.65674
68.37233
74.24009
73.08167
32.34996
50.32526
48.99779
2.666431
18.72086
29.4982
29.10708
25.01961
62.61231
46.78481
61.76069
53.50833
72.94234
71.13461
56.54135
41.25505
33.21259
40.24632
30.43486
65.17238
52.64645
26.88822
53.80238
29.63953
79.99975
2.564158
62.49475
73.65564
47.39907
29.40178
8.388489
60.21096
61.94205
57.18494
17.6508
52.54113
16.5671
38.4489
41.39628
59.67505
39.28564
49.3357
38.3639
31.01904
45.38687
28.54099
15.19578
26.56964
43.66817
50.40013
5.318353
51.1092
60.82075
37.50662
21.78716
66.00312
16.88091
13.23484
10.72401
52.20597
4.323126
48.58492
36.02205
16.57189
45.34972
70.5852
15.38886
11.23138
30.44179
0.7801346
39.10256
18.23327
66.60434
74.30985
21.76854
40.04931
0.5246557
67.73478
33.77471
59.56917
55.90586
77.22818
24.87287
0.6991516
36.64447
58.15638
2.552747
45.3702
28.18583
21.78397
14.32205
72.59898
22.61261
36.67285
29.21201
31.45502
61.22483
35.83509
16.45873
0.635961
1.679233
59.81853
25.19506
51.76256
23.25468
8.994158
25.54475
18.93508
56.20093
57.87516
67.2898
38.32429
29.84502
58.74599
39.36866
30.10549
73.23419
65.22792
74.69311
62.77251
60.27705
39.84242
38.1159
54.40728
34.84916
21.95357
10.94785
50.80374
0.1005952
50.24557
48.42181
63.2626
76.98454
36.48716
11.51409
65.07427
29.28262
2.47116
79.12023
48.4094
4.262392
51.67665
44.3794
21.92113
45.03801
37.33239
9.83952
17.01704
10.79836
68.53055
22.93914
1.169095
51.56081
40.88287
59.73853
44.42701
65.36245
4.935643
40.02875
63.15753
31.71942
41.53369
10.43945
32.33271
54.9801
76.13983
56.83351
61.60759
11.21271
22.78337
7.469759
38.8573
64.93164
61.86558
49.38057
58.41687
24.5006
10.21515
64.57047
50.18627
50.78285
9.801529
39.98893
65.25865
51.85999
61.87017
34.55146
15.44253
32.69785
41.10304
9.090737
37.20527
55.77717
69.16732
56.194
39.2465
45.4347
7.457141
48.22341
13.54783
49.94623
18.00618
27.28051
20.03811
34.0864
49.5259
33.38776
49.26038
26.188
5.418662
12.50832
63.44296
41.57896
16.77401
41.47401
63.40726
46.05409
53.3458
48.85964
9.572793
70.09697
12.90279
71.82364
21.2019
49.29292
72.38103
38.96475
51.70209
34.57241
56.98669
20.35909
73.34623
53.50653
67.28232
62.42961
55.9014
46.62139
78.19837
74.14821
68.12188
61.78428
31.33944
3.287357
22.04576
13.02415
5.156348
76.3117
42.5551
26.61318
49.91652
62.35515
25.75714
70.34586
12.15212
76.28979
31.83104
28.11378
36.44566
75.74818
12.25026
62.43117
53.15888
55.28957
33.35612
47.28536
39.84465
34.13098
58.41015
28.45012
22.36949
41.06441
34.03109
20.23574
44.99898
66.68508
29.72131
39.02997
39.67889
50.97567
22.4417
58.70873
11.42436
71.90609
43.58415
68.32915
50.04637
22.93957
27.79044
8.181192
59.60479
5.904337
41.64177
74.54061
72.26594
68.53816
18.44508
5.762953
47.7069
28.25367
14.51797
6.779818
59.70114
16.56685
42.87136
60.46121
78.20155
78.13688
11.54473
13.13279
10.51917
57.81102
29.61865
52.63694
77.05038
35.64754
5.920883
73.1317
79.51322
62.0906
3.758949
53.97299
75.37904
27.83935
37.60326
58.97176
9.77621
70.76424
38.40711
36.50061
55.27803
26.88413
46.25326
7.239976
8.318516
64.68419
33.78587
39.09345
50.48685
70.66283
68.71575
66.31554
8.979662
61.38971
52.09986
52.21485
37.02683
68.50647
28.07847
34.07932
50.16501
26.29153
62.61055
79.98545
38.27308
24.91091
4.123647
18.43516
9.377348
19.76147
5.115351
5.989665
32.53571
47.48367
47.95315
30.03943
32.3387
69.10119
56.70824
66.08322
2.973725
73.62916
45.66348
11.48464
19.96745
39.62553
14.08742
28.51569
58.78587
49.28657
75.27119
25.15528
56.87189
27.79244
26.8081
27.9646
19.50474
45.84848
54.41784
8.731218
75.46478
54.3275
23.29439
48.27027
3.84634
58.90911
64.52489
9.896694
5.456003
45.6465
58.58981
69.35377
39.85996
67.95856
69.33635
18.00246
47.24939
33.89749
47.94736
13.55094
55.15582
77.6498
12.32396
53.31124
62.08897
22.52439
1.374458
25.85999
14.40492
20.98057
47.24177
19.19951
53.92998
47.18305
73.63198
57.165
52.96208
44.40012
17.3809
45.69159
75.08825
5.647889
48.45447
4.450013
71.73668
71.79401
67.24187
11.52771
17.84021
41.1188
17.11833
77.50004
36.32553
5.367272
45.38962
74.15357
2.462216
52.85339
28.02327
39.17193
11.31425
1.231314
69.334
36.26582
73.73663
71.63578
38.72423
34.47312
55.81302
4.514891
26.11976
7.28213
15.97187
68.94566
76.5401
35.77286
20.33154
24.42586
55.04796
43.61854
42.32631
46.33848
72.4525
61.78732
65.00258
59.28847
18.85812
76.99779
35.66043
49.13861
78.2545
59.7217
8.744201
71.15508
32.65164
17.85296
74.07107
34.64803
31.67039
4.669981
2.482616
39.56985
14.41551
61.51075
71.64173
55.19089
62.29275
48.4659
35.54871
62.00149
28.75758
41.93434
77.87765
65.83435
14.12181
79.05415
52.12865
77.97602
7.333059
41.67149
30.38876
69.26523
1.422022
29.59797
34.80907
32.3359
11.36266
66.45452
26.89186
7.230546
40.75395
76.10522
21.63239
44.96325
17.44244
56.89329
39.19017
53.86826
17.17312
1.533683
36.11905
0.5262024
51.19508
17.48078
4.247605
40.47743
32.43937
30.62864
53.16521
6.126882
14.75539
37.95298
9.68186
9.262116
61.33471
47.38325
31.9179
69.72533
28.44881
49.67944
64.5384
37.75878
22.20006
5.482764
38.75145
36.51567
73.8643
30.96081
39.25785
68.77541
11.41358
30.89816
12.34576
74.89328
6.744907
63.45372
7.846376
1.832588
55.56111
24.20463
24.74668
9.017552
18.58158
56.07412
7.023861
55.39143
30.86045
6.080111
66.92844
57.90408
38.22669
3.96195
19.22051
4.589423
11.75537
21.70067
62.05681
0.7124661
35.32892
43.38129
30.32055
57.19136
15.94037
5.552315
37.76371
29.59585
75.13199
13.11855
77.17128
30.9012
26.78714
46.14486
77.97808
14.23077
2.995952
32.84136
79.31211
0.7108483
52.79115
23.30105
43.94757
10.12678
7.467762
53.10019
59.60337
54.21014
70.85629
32.94077
20.95191
24.23895
68.67069
13.13731
64.82775
14.67742
55.53275
39.8288
65.79584
3.257504
8.973535
45.98112
64.34293
21.13168
71.57532
51.67334
7.933059
34.73288
73.95782
33.57639
64.32192
72.23754
23.61192
38.69245
54.29434
53.17672
72.79981
49.77838
3.29974
15.41157
29.27288
15.81937
39.55147
66.79216
78.10245
55.82825
27.82223
6.518609
56.33348
22.38582
19.13302
35.6426
16.11977
70.9441
62.12469
11.08177
55.63383
14.84487
18.92675
62.04854
45.06189
3.91805
76.74324
35.22922
45.32974
26.95493
73.51876
77.34098
58.91656
53.88474
2.451753
71.70964
32.71377
40.99876
3.011944
22.72341
62.18911
76.56652
55.98839
71.76006
77.04377
75.90617
23.51271
4.073059
4.066753
60.23447
78.54672
37.86158
35.37596
50.89031
61.05073
78.39376
33.3621
48.87483
30.10964
64.54268
11.59554
33.76149
22.72004
22.75114
28.61939
8.726518
6.971179
21.86092
76.30092
53.4263
8.298631
15.84604
68.85309
43.82828
10.17688
30.58185
70.7162
77.80767
32.81202
48.88852
75.12442
64.69963
21.02119
26.40249
38.55478
24.26718
17.75074
29.55822
31.79176
5.621608
48.50672
15.01836
58.71567
66.40904
73.10825
18.9848
78.76284
66.78095
46.41208
20.06285
45.77468
71.58527
2.946499
3.844283
45.92037
53.08703
73.81905
27.59
42.88348
11.74144
9.729712
22.47489
58.00375
55.91472
5.061736
33.07137
46.47089
75.92073
38.40031
56.84217
45.66825
71.76285
55.87775
31.41202
70.81749
24.53542
51.00422
75.56839
31.5084
39.23754
28.8749
54.82356
27.02535
28.55769
74.36708
14.47238
43.93066
26.49823
33.4477
6.514618
42.32641
46.31197
39.62006
54.65708
58.01169
34.87257
11.92632
56.26102
4.50866
71.19188
34.93849
41.04897
74.4307
29.28476
74.18641
14.80234
2.760722
5.043943
59.48484
38.16067
2.713389
48.07554
25.15317
45.46517
15.1931
5.660891
4.464115
32.94793
11.94536
6.301901
9.50704
72.32333
20.66791
55.65152
14.91884
54.81624
29.79176
0.5721764
68.18878
40.97575
50.93671
54.82822
16.79016
38.07767
34.87564
16.50872
34.29023
78.77767
8.206376
64.27053
32.81855
15.98018
53.08519
50.82001
0.8854087
69.63845
73.5106
71.76068
9.175171
7.605135
68.25818
53.6539
0.6970791
66.58705
55.60101
41.19543
34.17615
63.25507
76.60577
5.404436
58.10446
69.86072
52.38125
14.97558
9.531242
69.40625
36.77949
54.55483
32.6987
42.10333
36.36579
42.11354
28.7117
36.00472
14.61296
24.40689
16.12725
79.19645
29.08749
79.86039
21.18361
75.49251
77.32836
50.39825
66.83741
56.48441
70.48174
15.62841
20.89011
72.12825
70.12354
28.58515
15.87924
21.53049
62.94132
2.198073
67.82915
19.57071
40.96956
21.38954
48.86021
13.58403
25.29101
70.08202
37.16805
75.04252
31.93718
41.60267
35.68859
63.3652
24.15409
26.16155
36.9681
73.79773
24.99872
71.91805
50.98163
63.43987
48.47853
14.20852
25.25866
52.03215
50.60471
46.60333
60.16901
26.67274
12.54324
1.648571
8.11411
9.281908
31.9224
1.636235
27.22657
20.5344
20.88856
47.30373
0.0467564
73.78005
71.72524
50.45478
67.91969
54.68055
53.63343
10.32684
68.23495
1.158276
32.389
55.39683
17.3721
19.26108
29.47873
72.68671
41.66171
67.03644
52.32116
4.286162
20.632
53.64638
44.65028
45.47764
4.090059
73.5375
37.5758
22.58104
2.877514
15.13879
29.73724
59.60342
78.15265
72.7581
5.538194
38.04742
6.089241
0.9123705
53.61034
57.85923
46.76402
34.88087
59.64744
24.42016
6.793766
19.46856
54.98915
34.18017
61.94618
76.14476
43.9067
3.95983
14.93768
70.95286
53.52243
57.96284
76.69048
52.9463
54.44036
1.871705
45.05423
0.1957615
21.12253
5.952626
59.39511
1.327003
62.07685
26.70991
46.83987
56.68054
34.23169
5.548585
31.02862
46.06416
62.55738
4.63371
39.49559
21.01949
72.09657
39.08559
52.97063
74.83589
4.157774
1.917393
74.57786
57.99885
59.4337
55.50691
58.90443
13.01525
70.51264
73.90183
22.55073
5.394419
43.01666
53.7259
14.75176
36.57417
9.740223
42.47482
60.03711
21.10837
46.1176
45.01737
17.79457
15.71208
51.80391
46.40547
52.91003
9.074979
29.90248
51.54856
2.788571
35.09637
33.19095
35.40059
15.15969
74.25711
17.39763
9.835701
75.92154
73.95554
21.43477
74.64717
36.64714
34.04212
77.18435
7.430335
57.37188
21.41921
63.27714
62.73229
42.78536
51.57563
14.47937
21.59832
9.378339
44.87994
6.637751
3.516099
70.03455
38.6051
72.45299
76.55359
2.952838
69.448
51.67199
27.45078
58.82943
31.81615
62.6527
24.20578
10.53397
60.45312
31.97266
31.53627
41.96143
9.4723
72.09798
67.40609
42.76456
5.58251
34.42143
0.5601761
15.07843
57.19375
29.17836
25.20014
19.9415
60.26455
20.10671
4.407726
16.02777
8.995777
17.57393
69.16517
61.0775
73.51866
70.79743
4.976572
7.366994
79.95027
63.69581
1.056837
23.67783
55.26846
52.35216
52.05415
45.8206
67.2499
41.52762
45.50025
55.91028
40.60507
63.37845
38.69675
11.24051
79.44105
39.41954
55.37634
12.86276
28.27465
66.88484
5.284256
49.29162
19.12143
76.22981
73.92585
43.50192
50.32202
58.67072
64.58056
6.381545
18.41273
35.95397
2.011323
5.991447
56.89043
51.90819
9.815718
23.98167
75.36351
1.147221
77.79228
29.2326
61.67956
3.240439
55.47274
55.98295
8.157887
79.57236
3.115483
19.24191
75.49595
7.291423
58.76519
62.86561
76.57391
37.71746
16.44469
69.38525
13.05342
40.52387
48.81942
51.83857
28.4904
77.29422
59.78032
14.3836
78.26169
61.91922
19.87385
40.33412
0.8233631
26.07482
57.04448
74.00847
74.38912
52.99859
6.133533
57.3021
9.457619
18.88306
63.44792
60.98242
66.20704
72.01736
5.417834
5.876409
66.25354
33.11875
49.95036
17.6667
10.06346
10.11554
59.00584
23.62409
76.51881
61.09929
58.97824
43.14523
37.1909
42.17415
21.65494
38.80396
41.61365
14.60655
43.16673
59.64015
28.56014
60.7789
31.8436
0.8501646
13.39698
67.1931
47.92627
33.53982
68.25846
76.20323
39.38386
57.34929
76.5126
42.68862
66.31528
24.79901
70.97469
68.11618
61.804
62.63797
47.63281
73.62807
66.80296
32.27864
36.06797
57.04075
14.77495
1.501503
61.80561
74.28283
26.08706
6.014846
22.67099
58.72033
26.46049
62.23528
48.69369
75.32459
50.58807
53.61692
4.899133
21.11039
47.16509
14.62327
29.91644
60.22383
50.82046
8.87786
6.233824
32.01553
7.783564
16.01908
24.32643
75.83445
70.84206
37.94567
50.34373
62.57147
71.82063
38.68205
30.75264
29.88275
20.19019
57.29505
42.83413
31.93527
13.70389
15.43739
44.82972
33.22053
36.47685
76.03647
73.71224
19.07714
15.11381
1.172678
16.07157
26.78252
57.76598
15.59245
74.835
23.96883
39.77926
2.689042
55.16417
40.95956
21.76567
6.948687
52.00447
38.41119
34.13521
23.69956
7.300621
37.82217
28.92487
15.20345
46.24691
24.61706
17.9554
19.55774
55.25051
73.62445
4.657444
36.42698
15.59541
5.645705
6.968098
25.46138
20.1194
59.8607
54.03325
8.440536
25.93507
18.61236
76.49727
59.6303
46.25122
59.18556
67.90414
35.54169
47.98933
28.43177
30.39714
28.46619
67.34627
18.00356
10.70795
56.04122
60.68758
16.89716
62.03526
49.1164
47.92715
11.40549
71.33187
78.14933
28.09473
60.76071
72.02148
49.95634
47.63549
73.28158
12.43962
20.30724
40.66048
47.60106
1.720171
61.23088
0.0404688
24.79589
45.73676
13.24292
32.14605
31.79759
45.74611
70.90031
26.37117
50.9347
45.94125
56.83786
76.26212
33.86882
64.49117
0.8429999
41.15657
20.9769
58.56639
29.05929
75.73507
55.0649
5.133154
65.13995
46.76151
9.891202
64.54261
57.38036
38.29732
51.24822
26.8726
1.92756
66.48105
79.37727
10.77214
48.93863
48.38
23.27165
15.41604
47.54879
17.62215
77.83312
18.12863
70.97597
21.11118
17.75075
50.1661
56.24458
21.54504
33.10679
75.97895
15.17191
68.98864
1.470131
24.48715
33.94249
28.1714
44.70581
20.86083
72.7085
11.93316
27.58482
51.91771
52.79962
75.8626
49.76655
23.49591
58.54339
25.6371
69.38352
15.04149
17.38351
22.62325
2.158032
45.0074
39.11195
48.55492
71.69497
73.97989
13.82632
50.32644
34.88403
75.25693
6.029553
1.955421
30.8736
64.70179
58.21379
78.7077
28.19002
29.92466
14.9236
45.39132
54.86812
34.51735
5.658203
5.757758
36.21687
15.28359
60.80565
44.53685
38.74223
3.80724
69.28215
55.29599
20.77672
17.83292
5.42006
44.78188
47.53201
43.7091
39.24471
22.42868
73.85681
20.70476
2.320548
3.903477
10.54907
79.26673
68.75461
1.92705
56.7882
0.1208548
33.47364
48.50476
24.53928
40.91028
63.78434
6.159754
36.44298
76.26439
32.6514
7.831607
63.9144
9.338047
12.06549
71.29635
60.17198
32.26579
58.5106
72.11337
8.296473
11.3794
6.068127
32.22839
35.40688
28.28196
13.17868
13.57724
22.25457
35.90217
44.96435
52.01932
50.50642
19.44827
35.25859
23.94364
1.917542
63.35257
35.53867
36.36759
54.38311
8.017182
51.27526
9.503375
4.017427
53.86679
9.3247
70.8729
27.51979
66.71753
15.33285
54.2247
29.42749
15.21654
6.924497
57.94381
36.46212
25.9984
0.9815126
76.84887
13.96324
43.68094
35.12755
21.13927
43.68564
56.40812
51.72253
69.70393
8.321133
19.36052
0.2889363
69.65278
42.07411
65.91275
29.94675
31.77248
41.37834
9.005206
75.55269
24.3109
30.98061
2.339691
15.65399
17.2682
45.87478
1.251496
69.92856
63.66211
46.95222
22.00598
16.59142
72.3091
48.47866
34.01908
77.73138
62.08873
45.83276
29.06279
16.54086
52.46529
78.61628
27.88892
10.53206
28.17589
77.41246
20.43446
3.591756
71.14508
78.95676
14.31536
73.0791
64.65248
68.33537
64.90383
17.85293
17.80705
61.01597
46.90519
8.190928
37.85917
19.67438
67.2529
53.39648
25.92426
43.20656
72.08033
31.5625
74.33112
69.87188
46.06267
46.50654
42.7273
52.91017
34.06479
30.99906
21.17186
24.82732
4.306311
44.73781
3.435559
42.81949
62.90349
11.16983
76.58809
36.41033
23.92335
4.104459
64.52838
56.33063
64.57226
18.18283
61.69139
61.721
35.75671
79.80385
56.14593
49.81185
13.86939
41.25281
61.5996
31.11651
72.21301
8.139873
33.15295
41.76596
35.25664
42.31116
61.58535
34.37367
9.439703
59.67498
1.202516
10.67446
13.128
8.856001
40.21183
50.22853
44.28581
65.41792
4.472246
22.63785
15.55646
77.33349
76.8788
33.20424
4.853313
69.32104
71.96785
0.6435044
73.54535
34.74703
4.530792
35.68812
21.96199
73.63386
29.40724
75.45347
55.11011
43.21627
34.55598
4.315357
28.45566
67.23343
36.98491
75.82858
37.08738
59.21527
50.96225
76.47857
40.16927
52.40144
38.70461
45.81907
51.05337
64.18917
74.32024
21.93064
42.25042
34.50625
39.40561
61.11754
72.84591
78.75684
1.157424
8.968368
37.93083
21.66464
51.69879
54.10552
77.15111
9.870155
39.99986
54.4987
27.6388
9.207355
6.067724
42.51877
72.36182
68.49367
25.90201
3.723492
3.117
64.8612
16.52877
21.18165
7.944574
61.08076
63.68016
50.3112
53.56423
41.60945
70.397
73.7257
39.65267
0.4661328
1.437127
66.07023
6.952536
34.66488
73.25378
66.90018
19.01407
66.84984
4.940335
41.70454
13.2431
2.206569
5.152184
4.61165
21.99228
56.28529
2.876349
9.044377
67.49895
44.16762
31.25487
59.71085
78.35979
41.78461
32.77009
20.35395
40.37242
43.43385
76.91317
34.18642
10.88182
34.80728
46.75424
49.13297
77.39763
30.70822
71.08935
14.77119
38.11774
57.57323
59.08564
14.48859
14.10654
39.35745
47.40602
75.59922
65.00915
30.46138
8.723641
15.82681
73.08308
47.4298
65.67411
20.74574
0.02908418
45.86448
71.76645
13.97872
42.196
21.14382
75.19148
52.92967
24.64625
53.90532
79.80497
20.69752
77.23656
17.92217
69.19459
74.86332
5.527772
57.3473
25.5989
38.90869
33.05354
71.40056
15.31169
0.3451555
5.031252
15.22174
77.86362
13.40912
21.91745
13.84622
6.694627
40.41176
45.64179
34.28194
64.09649
4.211862
62.99906
44.52572
69.35985
4.446067
74.40146
40.10493
66.63588
78.39922
79.26271
21.80731
12.38236
40.28475
5.931581
30.34316
31.36301
33.8879
61.25081
9.653547
63.46628
33.02443
32.57902
70.32953
52.71083
59.04987
8.410537
56.84715
18.35194
21.56444
5.629441
65.22389
67.16318
30.77858
23.23503
53.01423
21.74882
77.74993
17.43324
71.31336
23.8686
27.31043
66.35227
7.340215
27.16095
67.26683
25.2945
30.4439
57.54936
51.59898
76.13137
20.39758
55.68397
78.15371
77.85401
37.25136
74.83734
75.74141
48.59746
59.59783
17.87952
43.5101
47.35672
24.24667
71.04066
34.52995
68.49329
35.57356
8.988784
48.34115
30.36842
66.80517
65.45492
16.89981
17.69642
61.63313
9.447127
67.22083
10.84462
50.81589
1.42017
71.32904
35.46932
10.78754
14.78662
32.72795
69.54929
27.53056
37.00632
19.75665
58.53907
12.21427
28.86069
57.88654
26.32992
32.03411
33.15943
26.55683
40.97514
0.6753979
27.93621
76.24002
13.72216
76.86096
52.81998
40.27456
33.23399
42.5997
29.65483
36.92006
54.33667
31.77325
66.60063
14.25075
12.93883
74.05665
32.8724
50.07297
47.90247
46.05489
48.57067
61.46317
39.02692
43.84488
19.04001
28.9648
5.989213
53.47942
47.29416
42.53527
4.785061
69.82007
63.12495
45.37689
23.53248
9.93975
77.5249
4.205045
37.39866
49.28985
69.01803
70.53374
66.89708
63.74117
47.34747
2.850185
18.22716
69.57255
50.9515
62.34076
33.3725
39.79762
39.37671
38.65912
49.9122
70.87893
11.1336
37.24232
52.39998
43.98159
50.01308
12.77354
60.62075
18.40896
75.35305
21.04395
1.79395
77.27563
44.8245
9.988568
23.47065
66.83802
69.33217
26.6901
15.68706
41.15996
64.03029
38.80111
54.87017
42.74757
13.68188
59.38905
44.01183
67.51122
58.11003
13.45315
68.83036
28.29667
13.25745
50.44716
15.00211
46.75839
72.49096
72.80449
64.26126
46.30462
57.99209
49.52785
45.51317
42.93841
57.96789
71.05858
29.70572
49.05356
17.17536
10.14542
45.64614
37.16218
12.23013
33.59394
11.69093
11.30888
5.603732
13.65407
72.03779
64.70261
52.84696
78.20933
20.81844
54.00034
67.21988
46.9644
42.50375
60.17347
3.894707
12.14295
78.60547
70.22424
27.25698
49.63897
34.3707
19.59815
37.68372
61.94857
29.05263
30.15611
33.11784
33.89131
1.267072
42.9405
78.59807
3.162152
49.58059
65.2571
29.74679
76.0308
19.99037
79.67897
49.2604
7.807859
79.89307
29.63633
63.1094
72.74746
59.30545
24.61412
64.29533
37.8135
37.88645
42.47839
61.57294
76.47975
4.046292
28.48838
2.110249
57.71429
74.16904
51.50366
71.7516
9.233879
5.339871
19.17216
67.24317
40.54288
5.565943
15.61429
24.80454
22.09627
20.18193
23.76314
55.08723
16.88128
68.34306
70.48926
2.368372
34.31103
1.712789
54.5892
79.03241
15.77428
50.94284
76.27729
78.41673
26.00824
60.13682
0.1312431
51.36933
20.13235
46.4698
69.90036
79.20584
71.12473
54.95058
51.08415
10.40698
6.035258
15.09845
0.3769491
18.90633
78.99668
28.02125
50.34857
27.27433
59.70341
66.84883
39.23037
25.94849
8.950322
41.19323
75.6453
36.7699
58.99692
26.35355
42.50467
37.34998
17.27412
43.1995
51.25166
3.188845
53.76621
5.190408
13.15772
9.917452
18.98485
55.0324
25.60912
25.21803
58.94965
40.25312
40.23879
36.49393
59.86858
25.24673
62.9757
4.79278
20.55168
54.8205
49.94986
14.80726
25.10567
8.20677
19.60526
79.49244
31.90698
21.80345
51.31461
52.84185
28.31652
38.00392
24.93315
51.21811
38.30784
76.77091
41.88609
36.5228
26.89538
40.85998
15.09729
41.85725
65.924
1.267988
65.04525
77.1123
4.6412
14.324
21.74901
60.95119
5.699459
17.64734
1.092421
27.42006
17.06098
68.63001
61.08385
70.56361
39.01695
32.36445
31.62568
16.21077
31.31808
51.83448
28.29428
74.8774
3.89452
34.33297
20.4227
38.76659
66.84913
62.84633
19.37548
32.79149
53.08648
21.06345
75.35233
22.4326
42.60881
4.137647
79.05367
20.1539
44.96842
24.15242
0.4037802
60.01111
48.63679
51.2227
70.18007
67.69012
8.48286
9.955357
27.68358
58.24406
9.963294
77.758
55.69225
22.24656
23.01475
48.57929
72.63914
59.16707
23.21931
38.89456
8.774413
41.89744
27.28691
45.19767
6.783829
36.92598
13.54601
59.78598
55.88083
30.70549
55.59559
18.81855
47.37844
24.06381
13.59976
29.65136
20.62018
8.815922
34.67084
68.12908
79.64416
54.94735
8.533838
44.56914
4.51178
10.21521
45.76044
13.20815
46.44105
40.14095
43.03834
48.97779
8.702461
55.26036
31.77965
59.278
39.48049
61.10703
75.67553
65.7986
19.81285
5.55987
53.38423
48.22324
69.1508
28.64987
30.23547
67.79519
35.1795
70.26858
39.76399
11.91661
45.75048
68.53764
38.98015
45.46243
55.40339
4.103438
7.857446
25.88206
32.83742
70.95197
18.35398
48.1527
33.78874
41.20096
64.39531
0.9443899
32.33644
4.528692
33.46749
55.21675
43.59049
26.59692
45.00016
78.0158
66.54332
61.5472
51.99304
76.277
5.889403
68.76583
11.27428
47.73241
4.399189
75.05795
45.30833
59.06252
54.03253
66.28902
42.73507
50.0875
41.64015
78.58258
24.36126
30.35616
79.50231
79.77806
46.5164
60.73164
34.05216
43.81456
48.80328
73.98102
30.79908
3.654574
36.9831
55.86538
74.63406
73.43085
66.16423
30.81087
13.06565
53.28613
62.73207
67.03447
18.49868
14.67959
4.215992
65.2222
53.23881
66.13963
28.98
47.00698
10.23648
10.25927
57.45457
9.059353
33.37508
32.11839
42.27774
54.95146
5.187938
36.32218
39.44959
40.08953
40.67044
49.9576
6.72953
79.87745
11.50636
54.48843
29.30581
5.573148
54.89719
8.675045
65.95259
53.77102
5.585181
67.28568
8.338746
58.23968
35.10629
60.90981
69.06623
0.9326575
28.29101
6.990545
22.52093
40.29132
20.26836
31.67964
36.98947
71.58799
63.87442
18.71017
18.73113
55.67414
25.4808
37.82903
19.47791
43.80749
40.48507
27.05281
32.516
77.94917
43.00988
52.24048
18.02675
73.86101
58.691
47.24246
45.75787
63.90413
42.38716
1.079101
33.74193
1.548316
36.48448
20.68288
6.141514
43.57047
59.36482
64.26873
6.536511
79.14103
36.01654
45.5304
52.43462
47.66324
65.35354
70.95517
23.07236
5.658761
29.08193
10.25738
49.34713
49.41964
69.19438
48.56788
62.64328
62.85204
50.58288
76.17159
47.5559
9.442119
31.14676
51.20636
69.86563
16.62615
33.66507
32.20272
71.79285
45.90378
41.12808
49.35486
44.81545
52.08258
63.66508
61.92673
1.017303
7.526755
2.271082
44.99967
19.23123
56.46445
56.67134
57.88669
32.97761
30.62527
31.46462
42.35351
61.34508
44.38909
39.43778
58.96056
49.93477
17.4752
71.55755
60.9132
43.57314
73.02633
43.28299
43.61791
10.46319
72.53349
34.59853
61.89962
26.57854
21.58517
29.76436
32.7849
44.87522
56.26397
14.43678
68.29529
49.41254
42.7555
65.9285
0.9721286
15.91905
34.93972
76.86955
77.83489
31.47014
67.90586
59.71622
41.81493
74.6669
62.09412
34.69528
26.0933
61.94988
61.63871
78.1041
54.8508
54.72979
66.55194
11.509
13.57956
25.01214
35.51087
62.67641
48.42118
48.61709
60.20167
35.79483
8.613337
39.49195
43.55294
28.40132
72.46208
60.58602
72.2231
9.002256
24.90274
25.2128
21.96203
42.74664
64.78504
33.79749
79.64933
65.83564
49.69062
77.48672
19.58326
22.35435
75.43753
20.13891
75.09495
67.18104
49.81113
14.63075
29.24467
16.97827
1.08446
24.18018
65.28508
38.3538
3.615435
7.989117
8.840676
51.25137
28.95888
69.57437
21.32965
36.37046
47.30256
4.912711
57.15808
43.37062
46.60958
26.13045
49.08222
47.63869
65.56524
78.28235
27.8345
66.62107
76.56743
43.27397
2.398822
39.41775
12.85439
30.89438
69.03906
52.23714
7.259717
34.9503
51.55814
66.33288
7.850586
17.33865
14.31389
34.316
51.83977
28.18075
38.03489
1.180112
10.86872
45.91661
3.278505
35.36845
15.68536
17.309
6.001126
56.16503
51.1005
53.3835
10.53673
36.00562
65.95608
41.28219
29.95398
36.00769
26.75475
25.98276
10.65103
20.37985
45.7312
48.511
12.34559
21.26732
53.71388
19.85323
58.03091
34.4191
33.48932
52.79944
36.17247
17.61125
68.28271
18.30236
16.47191
38.9888
11.26735
61.33943
28.63174
6.736034
8.750254
26.34246
6.535845
15.17581
42.52949
42.96126
31.13261
34.51889
55.98823
62.19096
45.70236
49.47627
59.26861
63.1555
78.01088
58.06306
36.72013
43.6751
40.59223
57.10761
51.40521
7.417979
10.29024
8.15026
0.1596056
32.77022
71.8761
68.19384
33.7719
71.92337
77.74863
55.11627
10.51902
16.28474
26.27115
56.57245
45.34532
26.90055
12.05724
1.30378
66.95298
15.67044
24.0432
28.85424
20.39741
19.56523
44.68675
61.67238
22.32449
64.82082
26.06081
17.47424
69.8309
6.065016
67.27678
70.52791
32.3135
33.87329
29.66334
55.60085
2.307415
1.553902
66.89158
70.65036
72.32637
21.31823
57.23975
1.313538
72.88072
74.90803
68.90685
38.05639
0.9071784
21.09405
39.70262
0.8337756
2.155191
25.80727
39.32412
42.66963
56.32247
68.00983
29.42822
3.080778
0.7258367
67.40301
47.78934
58.95572
72.08775
25.60134
65.04826
66.60307
5.255126
40.88264
78.37935
76.78275
44.46033
47.51859
39.79401
44.32415
21.1278
59.6901
64.4461
63.58279
72.1785
60.38442
36.49714
39.09185
15.18855
1.374285
57.26903
16.50372
0.7057381
2.116084
50.65246
38.20114
70.12427
69.09357
42.23134
73.45553
27.40634
77.73633
15.35793
33.43951
68.29208
52.35404
43.67448
63.32675
67.41526
7.790596
49.60564
48.55915
12.42886
30.03653
54.80849
37.09315
11.81515
12.97627
76.83298
22.14894
1.368742
40.62764
60.23211
69.04864
36.93671
27.4826
16.28087
41.24697
28.34066
43.11025
16.6495
36.66357
69.78989
31.47025
10.85913
57.63154
70.12718
73.47585
24.46539
61.25765
37.12779
49.70031
7.142823
30.57673
36.71791
2.333005
52.92143
63.3323
11.13685
42.16378
13.70512
30.20406
58.83789
20.00498
13.00743
56.68198
61.38329
39.91139
17.23617
31.91864
57.68852
46.29841
33.28704
6.011093
10.24875
10.98179
79.24488
0.5400696
42.65256
3.618373
70.47045
79.71387
20.7141
57.0231
51.43449
13.00087
30.33323
52.44137
56.33782
47.21094
35.02591
69.58109
64.46512
62.80361
50.56102
34.00455
9.90552
18.35342
61.05373
63.71274
78.85116
36.85805
62.43333
64.69352
48.79041
28.22475
23.03987
51.23488
23.93648
0.3859437
10.63379
23.32805
32.07194
12.31775
1.005422
18.71378
64.26968
26.29678
66.98527
4.750276
18.44894
19.03609
73.02339
58.12873
14.31666
9.189549
53.15788
36.95451
68.33288
77.89341
24.54043
4.289385
73.48716
9.444443
59.31734
69.2346
22.17622
50.77727
43.25129
5.098722
57.88717
51.19504
60.98312
41.1034
22.18326
54.92928
14.73206
18.74101
41.75698
12.56547
43.00844
60.432
21.99974
72.60246
42.66295
24.56733
23.02305
61.57057
71.97647
6.386501
5.95626
1.464173
54.56931
14.88475
67.58648
30.60479
63.8347
60.90145
39.30518
40.42934
76.33301
51.99838
39.45389
26.78598
56.32367
15.84556
12.96817
60.51802
29.12507
22.75523
39.91228
42.35884
39.46899
23.95745
30.96443
21.60237
76.13015
19.11895
58.74233
62.9777
79.49902
12.76276
59.46635
3.592719
77.59629
35.09477
21.52618
70.12859
49.1708
9.088177
63.61167
41.07651
45.58121
36.3532
29.33455
6.303678
27.53456
51.55974
6.256895
5.546504
68.45287
35.61793
53.33867
22.66232
40.24484
31.63589
59.38484
63.92159
41.54188
70.38679
39.61161
12.79229
59.07929
73.6227
55.3595
37.30712
44.08411
54.44796
67.05845
32.09226
24.46723
79.59519
21.42897
24.165
77.43628
46.03685
46.62899
7.097186
59.72406
12.2323
0.4056457
35.67164
35.18012
25.39209
76.72082
14.40198
66.80783
44.30741
59.4106
36.50384
49.53062
34.89261
13.55412
34.87198
15.86934
11.07299
2.897609
78.60399
76.12079
23.40097
60.30216
69.74384
63.82804
33.08368
21.1958
9.506491
39.65719
50.35248
13.1926
4.137296
62.95095
19.12034
20.87431
61.02695
61.27952
12.65563
5.872733
67.84481
25.67578
27.49974
21.17962
40.59338
36.67309
2.588933
20.02043
18.84863
13.66057
17.27223
7.284171
45.09123
58.75516
32.70229
29.27305
69.37122
59.96189
38.95963
31.18482
26.16409
32.5929
51.23689
75.47243
21.27983
61.83197
46.26765
44.04699
48.44674
12.48635
39.72491
38.97405
61.65921
12.55536
0.6006651
48.88478
15.39011
1.167377
23.86758
18.26588
7.429622
35.30329
54.52084
57.56186
46.8217
32.41783
4.14019
42.95495
9.395708
75.31865
51.01656
11.59308
25.15743
78.03944
33.7778
34.35194
72.40355
57.97795
41.19168
38.41462
38.15788
4.733858
21.01539
59.4099
1.061192
46.52818
18.72743
29.43411
70.88437
76.54681
50.50236
44.34131
12.7878
69.13962
0.8808549
53.14142
58.28739
32.02349
26.43276
76.72668
55.82663
10.6562
25.46701
62.58998
66.92662
67.47262
54.56504
35.97499
78.012
2.292132
22.69507
1.967585
64.82359
45.06054
52.35636
75.05436
10.24485
78.90291
26.34144
44.55544
54.90935
62.88661
65.92587
32.07705
33.50927
34.30499
44.68067
68.00085
46.90182
39.7674
70.65357
15.63558
66.15851
12.27697
30.04513
58.46659
78.763
4.363904
55.47467
33.89632
74.22901
35.97604
14.8753
18.13188
69.65598
43.26941
11.56853
76.18745
42.47363
56.517
28.6536
77.16896
51.99477
43.72568
32.27205
9.506889
67.86441
62.9099
11.71646
75.44508
48.78262
74.95011
28.0859
54.73972
41.74605
30.36989
9.675967
33.88179
53.25411
60.88537
4.486601
53.17841
18.56489
41.40287
49.33648
43.57132
11.45745
17.97891
78.42772
61.35941
30.09487
64.557
74.22343
54.68962
58.91463
79.15712
46.5304
68.23559
40.58136
68.96403
49.90002
74.32691
77.27549
74.08451
2.779612
33.42635
65.6986
13.33239
38.73684
51.27349
51.55553
69.88527
50.3875
78.72543
26.18179
78.97496
46.41093
31.35103
65.96458
25.86025
50.11155
77.02847
57.20652
60.27591
65.42605
41.94233
68.24103
22.41392
9.972115
60.41755
61.65757
18.99521
6.248639
64.12103
2.64721
31.82251
15.44557
43.99358
73.20365
47.36154
0.8615682
1.102243
58.53737
44.70401
51.52268
9.620294
59.21463
2.84669
8.282225
3.831188
77.15163
49.70193
42.70681
42.37023
57.55759
2.736933
69.14373
52.25953
36.36846
56.14014
40.58666
20.17729
17.47028
48.13627
22.78808
77.71291
51.8696
21.73785
51.55428
55.26657
32.76552
66.5302
75.36028
22.27783
77.07
66.03548
55.21556
13.42061
34.59262
42.81136
51.26282
64.11897
50.55386
78.58685
4.137899
36.00467
67.62236
1.532879
8.887476
59.69864
65.53145
19.61371
15.19983
27.1681
72.37262
54.14815
46.44859
41.71726
43.17453
58.97675
10.55274
50.196
63.44978
30.88423
55.72181
47.41976
66.05634
22.45791
22.51225
26.15011
57.61285
7.457712
53.232
27.03367
67.72729
44.14296
41.22618
16.6327
29.88418
51.72321
43.00797
50.30206
47.66613
17.33424
30.0333
63.88211
26.66007
14.82094
73.55594
37.1941
38.69376
43.4249
51.69443
61.22121
58.28449
7.503354
55.95533
55.15959
2.978938
17.20461
79.15406
25.96839
15.25535
64.70171
8.097104
57.8883
21.20741
31.93245
78.56278
39.66002
56.0891
45.59027
66.81254
0.4394765
43.82425
63.49781
39.17368
24.51441
3.990862
8.383108
38.25975
5.452067
28.84583
77.77481
43.02081
34.78117
8.224552
15.90186
53.01751
75.73856
56.7223
7.089847
66.49162
35.83345
37.29577
50.96282
22.60224
7.388294
37.6607
2.904786
9.835689
21.23769
10.31335
46.6355
29.75689
60.04495
61.75668
25.51347
66.2276
39.25488
15.87706
31.09351
79.94506
43.36285
76.54805
63.76681
39.51156
19.21652
25.11926
52.97507
49.10419
38.90144
70.96106
24.78785
13.13092
54.77863
70.82095
16.57068
26.0001
15.00302
60.08615
12.36842
2.694893
49.73069
44.29937
29.04843
66.72816
53.17935
72.32847
13.67374
58.06072
34.57849
10.5277
48.74793
60.65235
66.14331
53.35994
15.55724
35.53047
2.102108
54.02639
0.3272522
15.1573
36.7458
79.62463
29.87075
27.46131
0.7103232
12.70066
28.42038
16.57663
9.230095
35.30712
31.5661
47.18614
74.42788
77.39305
3.349472
41.24668
29.06115
65.81943
60.40486
8.283576
25.12354
52.16845
3.357718
46.03939
60.24836
30.22799
13.27475
28.46785
52.68716
30.43112
76.25976
29.90956
53.65148
34.18279
48.95726
7.829317
26.205
51.75869
8.341163
26.56758
49.42852
77.35978
20.71184
72.51625
73.75043
63.59623
43.98897
58.468
56.86057
65.24333
55.63741
30.04773
59.96589
68.03379
22.77523
34.82062
22.76936
38.61343
15.44697
66.21367
53.74308
28.72592
50.17548
71.17846
29.74346
69.48439
69.42902
47.55065
19.68263
64.29716
69.52716
44.58459
25.13523
71.78643
76.86197
17.34071
68.45114
0.5874776
17.68136
73.25633
32.39935
62.09793
38.18202
41.444
26.8252
1.351453
30.80719
34.35839
20.33373
36.26557
42.72251
11.56379
68.12548
29.14667
28.93027
28.84971
5.862633
56.11928
21.35085
70.78241
18.03188
44.62759
5.336234
8.066033
73.38233
59.32622
2.134078
19.48798
2.882411
1.485222
19.10448
37.22108
56.09039
49.11626
43.70808
36.73868
64.04766
29.55307
2.505271
52.33607
76.90361
3.526532
38.34891
47.79114
54.37313
63.50592
75.40608
4.227363
3.021621
71.682
19.24696
33.93418
44.09208
42.86349
58.07094
73.68075
63.11877
19.64346
62.30862
74.93808
57.39824
35.94114
60.49717
38.30246
76.88386
12.73366
63.22432
66.97388
30.01076
2.164997
5.660036
26.00706
78.81999
25.48571
25.02981
34.03518
26.88791
9.629155
36.5163
42.64158
72.53781
56.39573
20.21255
55.86431
38.76393
73.51162
49.01037
71.9143
16.02979
52.53389
1.45634
62.31581
11.814
37.62681
2.506386
15.24444
28.25377
33.08297
26.01435
75.23929
55.4736
78.95463
2.829462
77.23822
68.92187
18.58152
66.33224
4.910789
63.27083
40.49187
7.569953
32.33977
19.75452
75.01173
5.866067
53.45561
35.6342
10.74497
8.46536
27.2335
59.7007
22.72114
40.81435
9.705984
51.66698
74.03592
2.217242
46.88595
31.72387
32.45175
14.68532
52.53375
11.50626
62.04182
22.5306
43.76482
38.89714
53.91776
56.56628
14.68949
47.02997
31.99273
65.96424
50.66976
70.33301
63.85259
71.47402
17.38416
77.51777
65.87577
39.74427
0.34097
33.71157
48.88853
79.47153
25.38095
1.224975
71.5796
29.54712
54.56639
26.52352
38.139
59.79094
59.53661
13.27613
1.568891
75.88876
27.12355
58.77444
21.59645
29.89473
48.0057
13.65972
65.22923
6.52221
64.12133
73.06067
47.19503
18.05907
9.292126
55.19196
16.01614
74.29107
48.75773
16.72505
3.32727
34.49181
19.92287
15.06324
31.84166
22.1818
26.17266
17.21433
64.84955
4.014395
21.51869
33.83064
69.58383
28.59409
10.55389
68.35692
46.66696
24.74829
79.37756
50.40955
17.80259
58.50908
6.33647
77.46393
12.13208
63.24626
30.29606
45.33918
20.90227
62.93779
49.16419
36.11446
28.67386
2.147464
24.2847
2.033217
11.19219
29.71558
11.47125
73.42388
74.59441
3.650129
57.06731
61.56048
38.58758
34.70947
55.09477
51.70363
8.506261
1.663218
54.39345
19.0766
62.29628
5.904974
8.591388
40.53111
38.60631
27.91926
31.22844
21.2069
35.81233
55.96791
66.12369
42.86695
13.01497
9.988978
27.17273
28.97237
31.58921
2.840466
21.58273
38.26997
0.5870844
55.59298
63.43791
12.57282
74.81431
70.03385
50.94459
34.11738
31.45531
32.33693
6.526038
3.277497
19.9373
2.417223
8.8666
47.71999
1.776066
42.72142
2.103644
65.38784
12.59411
40.73005
65.93635
74.74647
2.56559
70.24631
1.07422
37.92519
34.97566
27.42161
79.14436
57.23777
75.12732
63.20629
23.39599
25.33105
21.33409
71.81192
51.27394
69.41024
4.062192
56.49671
31.99803
27.03666
71.32785
79.35452
30.62586
33.44497
71.73855
53.04069
21.95322
27.95737
29.53407
38.24676
79.51753
22.05885
69.0681
53.81072
10.2705
57.39279
43.07004
5.322821
31.7202
63.5744
56.1996
50.19435
16.23293
22.40746
75.0768
62.44885
41.78614
29.5944
73.79215
0.06464252
24.6574
6.602006
51.87596
77.39235
18.25944
42.92877
13.43918
17.32003
65.57176
26.61236
79.4895
69.01179
26.33961
57.26212
17.59881
74.90877
28.45433
79.94636
26.95173
63.08022
19.23387
18.98979
17.56884
78.1918
14.3071
1.261533
68.12002
72.5206
8.127223
6.804206
71.14037
69.09634
48.63066
27.49535
47.32414
14.80804
63.62303
36.17576
59.3252
67.07226
25.78239
69.61849
36.48936
17.54228
24.2634
28.07931
0.551627
43.5459
72.56179
34.59984
73.86536
8.151714
28.98372
72.85538
27.93536
45.34704
45.07814
21.66481
66.39766
25.29512
63.22856
0.8836059
34.15509
30.3665
14.06061
43.33016
31.83589
39.57201
54.06933
47.32381
8.534072
1.987622
59.90846
51.08736
62.37634
57.79987
15.24331
34.78536
50.79215
53.04851
31.36086
62.61265
9.01616
72.4228
24.55455
55.43878
31.65251
6.23596
31.12211
41.19866
24.81471
54.34599
25.23855
38.93254
47.7163
28.52742
36.7454
5.700551
52.97114
3.671154
14.81531
3.244911
23.45511
11.58201
79.59248
65.90254
55.12217
18.99282
46.70248
56.49585
20.21726
69.03727
7.265384
57.17416
26.45991
13.12016
5.173869
55.34611
13.45164
73.70079
13.96554
56.14139
29.03649
27.20738
6.989691
14.55952
73.83213
0.6944118
32.55791
29.19794
56.33449
49.57185
18.29423
15.25962
23.30593
7.098967
37.49105
25.27907
53.0012
9.392591
6.994745
48.68348
60.40943
27.78439
16.83445
44.61842
45.40359
72.38563
64.9107
6.250966
70.01414
58.60339
79.41817
60.36113
39.42221
0.4711799
45.01147
73.22752
20.06363
36.82787
9.184115
19.9084
33.37654
40.72888
72.8756
12.07822
11.57645
21.3899
35.06202
70.75756
26.21433
27.17073
35.39196
61.60525
27.42946
41.69502
65.13933
51.78207
55.89963
2.544017
51.85748
16.42692
57.08842
77.05424
63.22272
8.06357
8.582605
10.51687
23.04454
51.79654
15.02599
73.95441
39.25738
66.31131
3.60122
19.62033
73.32214
58.40903
57.32172
76.74015
63.56562
49.44864
51.71555
38.51136
55.89104
25.45746
57.39568
77.06213
77.1319
66.43617
29.24779
57.85577
56.73761
5.542753
34.12755
4.504468
28.03393
45.97697
74.95303
40.98416
7.025998
2.948861
67.45132
63.05638
30.0832
27.68278
73.04504
38.20016
29.47864
75.80464
44.02965
61.28749
60.3118
75.5478
40.73374
63.92427
68.36445
52.3101
39.40239
53.21984
47.34364
70.14964
69.80924
23.97625
43.78092
48.50081
77.82519
16.58999
40.42889
25.51321
23.32629
37.96026
39.92173
67.2742
60.36375
53.30319
51.67195
38.81689
65.46608
11.46071
0.2596553
40.31678
22.31478
49.975
40.2878
49.95012
78.26493
46.7207
58.40231
71.48181
53.7899
47.45964
9.13454
30.57406
17.32889
16.80099
0.4588206
4.554162
8.588339
48.90729
69.88015
26.56782
12.10052
59.09085
73.70058
35.24896
31.5826
38.08764
1.91716
18.07044
29.68717
42.04974
3.90102
63.06051
25.66896
52.86438
68.70482
29.42156
34.04713
66.23919
3.05462
39.56401
7.304654
58.48618
44.81956
21.45162
21.63886
14.0123
48.18926
50.719
7.503254
35.26891
20.83297
69.283
11.75966
19.43167
41.44452
76.79253
36.07387
12.21057
24.08738
33.84097
58.42455
53.72834
65.49733
73.72371
69.52101
68.48779
48.07936
42.29001
11.12237
73.10335
56.00707
35.7299
19.767
73.65584
75.54732
24.56194
39.8304
55.0428
14.46417
37.26698
66.16207
2.586003
9.744258
14.81062
48.96635
72.90028
74.13163
35.83565
57.20091
69.11936
25.18275
53.30176
52.91675
11.93677
12.34668
52.82855
54.04771
60.95897
12.7363
59.01694
75.81098
7.656688
12.32512
47.23689
68.60796
35.67369
69.23236
71.98495
25.39886
59.47278
66.97912
46.30067
50.44827
74.93735
69.63388
76.35525
58.73823
28.33493
1.39412
21.03342
16.13656
68.27152
2.999427
76.16303
54.07019
35.42465
58.61592
45.05358
8.00017
19.87363
16.05125
57.39251
18.60988
55.28129
4.102642
41.43986
73.91041
64.33537
63.50518
5.57411
12.41927
12.37487
22.93126
10.44418
44.68651
20.0711
44.25499
2.724677
52.08093
59.44739
39.26719
48.89535
73.39632
19.63606
2.755903
8.23223
25.79424
52.08003
7.306883
58.99488
40.09952
72.33216
12.59631
61.19162
75.88045
23.80348
11.35753
35.91232
26.28086
45.83125
3.98999
8.711692
11.05934
64.34741
73.71992
0.1136873
3.919303
49.64491
25.88403
64.90171
29.14813
6.72338
20.57541
68.61628
25.07989
9.271233
68.9875
45.50834
11.72818
20.70193
42.48278
7.727653
45.70939
16.86292
27.34394
52.64769
71.43316
44.79608
67.16887
22.29942
2.390096
61.83351
18.61936
72.82517
69.60157
23.05488
57.41446
37.56703
11.59884
7.220407
0.1792434
39.42626
57.35932
7.358762
35.64415
37.4896
41.83335
61.29016
42.31605
10.85515
17.46415
44.69653
36.48942
34.11771
50.18166
18.65435
50.42488
8.697013
48.16281
11.47575
58.87247
41.33751
27.80958
15.59189
4.980813
13.57271
68.39059
44.94198
45.30918
18.63606
40.74092
16.93146
0.1062284
13.62084
26.2156
66.84504
33.08132
0.07849226
67.00498
56.88285
23.70761
13.3035
76.03508
45.29971
16.91145
66.41681
7.818109
34.96043
1.609405
54.61175
25.50637
49.83596
69.735
26.73906
74.97934
62.31682
37.9647
7.263873
36.65831
51.80288
35.18665
4.624405
42.30455
56.52124
70.96262
69.6569
31.45338
41.96102
9.05685
61.5809
55.54873
25.05369
76.31477
45.43079
26.51408
11.46989
33.01604
52.50139
62.1586
46.49137
57.08892
25.10135
76.83825
15.43093
9.821055
47.5669
21.78523
45.11127
43.00573
70.82079
13.60144
31.78851
77.07312
76.00381
12.00752
36.39299
39.6772
2.085449
79.66192
44.13108
43.10283
60.35089
59.48286
46.71317
0.1046306
41.60457
12.90568
73.67214
6.150519
69.19609
12.0205
68.42244
79.11975
11.05284
68.75891
39.81968
75.88831
51.57899
63.73897
26.61124
78.83962
35.89596
34.53939
52.539
57.28548
51.30023
60.85891
44.00214
78.85477
52.67989
20.00047
65.97488
23.36717
57.71839
7.170646
19.58259
1.676289
76.35123
44.5705
3.183336
68.5754
48.88104
11.17478
7.69698
76.2365
34.66858
59.55089
77.70647
36.95861
73.60053
61.37205
27.70642
33.87323
10.65618
37.00776
60.74446
44.09712
48.65421
32.69965
24.8153
67.7705
64.45205
56.47105
78.55551
74.67211
34.00748
24.22848
3.019775
54.27264
35.15844
33.18802
20.95789
11.06779
70.30498
66.47347
71.75612
34.7652
0.3097158
60.11325
5.577269
68.08964
60.81589
1.16547
25.87381
31.14201
11.29856
68.71651
42.43792
52.17782
26.49493
24.92547
18.91784
32.5088
73.83936
78.4187
17.03828
36.47853
23.57411
20.7687
53.75859
54.54885
35.24078
54.20875
38.18008
15.66564
68.02523
20.8961
52.70085
54.53212
38.77969
8.0259
62.81462
75.98355
19.12237
18.57113
32.218
57.55829
35.84967
68.32251
70.57342
69.37054
2.994664
65.11975
21.40157
48.66133
57.21913
49.79031
20.58815
71.90315
29.17896
4.645222
51.51934
4.704539
21.89918
40.81039
27.34459
8.515337
57.76075
49.81564
72.31131
12.07879
58.27231
17.91199
65.87236
9.959778
47.58232
48.20194
69.85916
15.47795
42.03058
46.70245
42.30737
61.55354
44.45241
63.83324
38.09428
53.05525
29.46753
35.67362
8.139976
12.85422
0.5728374
70.58261
60.99394
52.88775
1.425734
44.43202
41.63139
75.85788
78.22396
1.395897
14.86942
79.96741
61.18227
74.63168
22.11796
5.63845
25.59524
4.46652
21.72881
53.95852
24.61294
7.539545
30.47214
63.32449
2.250067
32.95088
18.73834
26.74352
45.98208
37.26448
61.10201
70.81167
11.73499
70.39683
66.07855
79.74642
55.93931
76.91766
29.4511
77.94427
9.780262
69.7879
10.79826
44.15866
28.12116
3.0541
35.6837
40.58563
39.26482
47.71914
62.75276
60.71929
4.389764
10.81716
30.50478
69.88979
58.15967
41.85179
9.769399
42.77431
20.70042
16.81325
44.63205
24.7107
42.13402
66.22244
57.20452
68.4699
15.56101
4.997377
27.89163
76.50507
36.95268
5.710799
68.33728
48.17754
68.4345
18.12069
72.92195
46.91628
8.973921
35.72538
11.64623
54.41441
38.79041
64.21894
49.15755
39.86398
33.26089
72.69345
35.75662
22.50793
29.6834
48.05675
40.01884
38.84747
14.04643
79.77809
11.04046
61.66149
70.89212
57.91268
26.82385
51.31365
6.972607
58.19099
30.11453
50.00562
58.87919
54.61556
39.28174
50.26214
45.6076
41.70338
1.350441
39.43688
25.71988
13.37639
63.59884
1.866573
71.46106
2.353431
67.45329
66.96623
42.3009
26.75605
8.082268
3.633012
29.87612
45.56581
30.33696
74.03122
40.02795
69.15983
70.88935
10.93019
3.20025
65.99353
32.91761
67.75202
33.9408
48.23624
49.92301
16.60727
3.60281
31.0595
72.85113
15.03191
60.06747
69.12479
55.35091
47.85945
41.74255
52.26836
55.82329
43.03615
40.54612
53.73658
14.65157
63.9384
35.97341
15.18645
26.25525
45.60676
30.92973
66.69412
6.458696
22.95047
35.81143
73.95722
41.31859
46.34655
74.1132
2.664162
35.21005
19.7819
15.74433
7.515676
67.31964
55.25639
6.755062
34.24607
71.22818
54.25279
19.097
32.64041
8.015561
30.39938
69.40967
39.4867
32.27136
29.7183
18.43952
69.9856
49.89658
58.47042
79.31769
11.42001
1.207373
62.75614
55.51551
12.51099
60.94486
0.2116345
68.75205
52.27158
71.14004
46.03394
1.180322
5.514951
75.23763
50.40843
49.015
52.16545
39.27534
79.05269
40.83889
25.26346
56.36235
55.83308
21.01637
27.19761
10.24931
58.69087
76.83505
38.05982
14.27544
74.56777
56.79204
23.51226
66.42445
61.75367
38.64117
15.11316
61.13724
35.60356
63.00136
4.916699
7.046732
0.6825791
61.45924
30.96184
45.16366
3.662049
33.26864
79.01202
21.76481
49.04888
17.43023
21.42166
1.023105
55.74828
22.22839
31.03979
49.37456
13.75292
31.9513
3.381169
75.73074
30.13438
33.67504
1.797089
43.17493
22.10871
21.38335
26.44584
71.55176
73.27068
48.09886
9.447243
62.23912
78.56963
52.15104
23.34908
53.78831
45.72602
72.03723
11.52709
55.8348
70.98043
58.32526
14.14271
1.327074
60.51065
1.170377
22.4964
22.66022
34.61361
12.37687
72.72248
44.13312
64.38312
7.148535
39.21733
54.5198
48.44071
45.53457
56.06995
33.21307
58.27354
18.44906
70.62505
64.08876
75.81639
56.60663
70.99904
9.096711
78.81078
25.09863
50.74197
72.51588
45.19487
51.23235
43.82425
5.877799
73.72584
55.94621
53.60148
2.85328
47.24162
7.60669
69.30266
51.25823
29.23279
61.67808
40.83611
17.86097
17.90524
78.74301
17.55908
21.69328
50.5395
35.56145
44.40361
77.46692
12.68936
6.683466
44.61514
69.05548
29.65836
20.81812
53.28363
42.98708
15.0993
79.7862
30.59867
63.0857
57.795
67.89739
53.88756
66.43435
65.91898
32.44935
75.97823
5.254997
16.42643
3.885108
67.92052
69.18923
1.16821
46.02642
32.96971
44.31243
40.22895
25.4324
38.1856
39.79941
53.37358
62.73192
57.86517
65.55109
14.52973
51.62181
23.29933
19.20823
13.99528
32.63939
42.60064
45.14152
78.20834
42.12177
61.96519
53.4679
68.06046
67.59084
67.00505
24.01241
46.71077
27.50845
29.97603
35.2379
40.32004
78.72287
63.88769
5.44441
60.05169
77.05237
61.64425
56.65613
35.18703
3.05497
36.74505
50.03907
60.40905
33.08801
69.33651
33.79699
77.84962
48.33588
67.34731
63.10391
0.8366016
41.73337
36.27661
1.545107
49.1794
3.444939
10.88523
17.65375
38.7076
78.03486
73.56607
67.00628
37.21875
79.65046
78.4372
29.23642
61.46185
30.89235
1.217334
37.12051
20.17208
47.27641
59.40246
73.66115
45.45362
26.29786
12.04066
28.5852
30.55521
79.66884
61.22919
12.04579
73.50043
41.34804
77.1613
29.77497
38.97043
1.134758
35.19316
48.02711
38.91753
16.70179
2.902674
67.36619
4.188851
23.89569
38.96766
77.1227
71.65944
1.513736
4.540072
61.03607
69.93692
35.46049
59.15743
35.88162
78.95766
16.25536
62.70873
3.182394
78.54841
66.38121
21.23721
28.05413
28.98996
2.752533
44.6402
69.45623
38.20238
48.36676
65.39748
1.337787
9.559294
70.52865
74.24109
56.70744
64.34121
40.43657
56.34199
66.95958
32.72067
40.96633
2.113644
60.14028
3.498448
7.493932
44.84128
25.42511
9.198304
33.10529
46.77117
6.088217
8.008521
74.09953
51.35241
22.54487
39.16482
55.73209
66.71618
70.60218
40.88354
1.31191
9.690014
9.539822
45.1088
1.195168
5.339693
44.27091
57.69677
79.78134
67.83847
25.1669
25.45927
68.02506
19.26395
78.9787
34.61964
40.28135
78.21369
77.44543
52.67965
79.75033
36.91393
10.29683
29.13512
34.93794
35.99511
40.41214
59.34247
44.94809
30.15836
76.20111
10.53686
20.133
67.98435
47.88545
52.06662
72.58155
6.55944
11.31176
36.53976
37.54669
21.35167
26.67109
50.23139
73.34934
3.44234
34.59539
40.19919
43.29136
68.13748
45.55154
13.69521
38.26743
14.07015
1.812214
16.0775
76.83254
54.9427
25.52466
61.74497
13.45178
72.98768
11.83678
76.90787
52.92435
72.59092
3.04997
10.63649
16.63085
45.62797
54.48335
78.50326
68.29001
49.63517
77.39391
45.64763
22.26627
17.57003
11.34787
2.623208
19.15663
24.44172
9.876105
33.57681
76.0172
15.86026
7.847231
73.26096
72.08422
15.82727
55.2322
4.020609
29.36111
47.54079
60.12395
13.94446
37.52646
62.78017
48.17173
6.163083
58.14297
70.27178
8.326305
35.31158
23.56901
76.87667
44.93634
12.10567
7.908631
43.88917
12.84448
65.5031
30.06454
32.04993
73.70519
17.34021
59.81315
69.25828
67.05813
26.54201
57.82689
48.73493
55.05264
17.53118
73.7042
66.83815
3.165065
60.53161
14.65165
17.904
10.86055
26.28858
33.16375
36.78754
17.00014
2.534623
31.86114
29.60959
73.69872
47.41707
17.37559
79.21218
24.31835
68.6029
22.16589
6.984181
30.9293
73.16349
63.28642
64.67125
74.43894
31.54562
69.88469
22.67178
56.84649
11.35334
51.70203
45.79338
27.25494
44.19491
9.413141
5.549839
50.14629
0.0269888
42.27817
19.8426
27.3529
29.75496
24.19192
48.37871
69.74726
14.25662
73.45824
69.45171
19.10589
19.02768
60.3673
64.98538
25.33934
41.66943
20.33189
16.48147
36.62438
50.58831
62.10509
5.396338
44.59009
68.34147
15.65175
8.437408
64.03968
75.85635
48.72022
67.75364
69.31824
36.3624
50.64579
19.08433
10.24193
77.18544
55.43473
79.32135
2.703284
79.82404
63.2343
56.5701
56.72849
32.16982
76.69921
58.67983
38.60395
15.58933
65.5716
44.20437
76.2537
74.42039
74.51863
44.92218
46.76748
35.73922
43.697
2.76843
22.58101
42.93897
5.293984
57.55403
25.89158
24.29265
8.202986
40.56878
61.56386
5.367118
38.14792
58.87748
29.65085
15.99253
56.06591
46.03753
38.04109
4.270041
43.15089
17.92498
35.36632
62.99771
10.20348
48.48334
31.73301
41.05705
20.97008
75.70782
37.34233
15.23228
23.19027
42.34721
1.990307
24.91303
78.17566
51.44809
22.82318
54.85657
64.72498
8.619193
34.48398
68.41265
36.61094
78.29301
41.20075
24.9298
74.35023
26.42542
17.85382
62.62383
5.240561
45.84193
60.18435
10.88225
47.22615
36.64409
38.58264
16.3974
38.85358
35.92381
46.785
8.554681
67.60416
61.13962
54.88547
38.71575
50.76577
68.46267
2.434853
12.15629
8.596052
65.18913
9.029963
9.681055
47.52823
69.15717
49.96799
51.07751
27.16823
27.86304
14.33719
32.06936
78.4266
61.8192
56.61474
4.837699
36.64045
8.842945
5.336739
54.92897
16.47713
69.29398
31.35724
53.00518
26.78489
65.02655
68.51628
59.02412
13.27573
20.10647
5.333242
77.90551
52.66631
67.94451
59.28673
46.30602
39.01817
56.6309
57.67539
41.29177
17.71257
60.7316
25.86837
75.35073
23.28209
9.182683
13.91465
34.62873
3.024048
37.11783
55.24547
49.76635
46.58157
52.64927
64.21261
24.89878
29.17702
50.48921
38.90453
29.89685
13.94915
21.02226
71.78327
56.72387
35.8629
33.68037
48.11207
50.12684
78.00219
31.27655
67.78882
1.335689
72.36068
38.94432
57.36447
54.94708
30.70346
2.273715
49.43619
46.48619
60.96424
33.03372
27.75514
10.80641
62.62006
34.80852
47.10097
8.875008
76.06748
78.71083
29.13232
58.84763
57.75947
43.39187
10.28482
50.11508
74.98155
7.489348
16.2124
71.74765
58.2267
42.96492
17.8509
62.0361
67.72173
63.40828
59.95277
2.661786
42.34692
64.24341
68.96319
62.04035
9.799368
45.06842
49.68439
2.453772
57.7406
15.30067
41.45545
8.105996
1.844841
35.38066
71.14159
58.43372
73.30565
57.81616
1.679587
38.12118
33.46107
1.416351
43.70442
44.2538
1.712425
7.013917
52.86385
12.3312
10.84126
54.59449
19.0013
9.255564
15.51153
62.43443
61.7556
19.07207
73.33735
4.03926
59.54366
74.16725
32.63104
58.13463
65.8432
36.72063
33.28992
33.0531
51.80426
62.94157
0.5306794
79.82517
33.87033
64.35679
36.89291
65.15066
33.33801
75.15165
50.86545
71.90551
17.35312
44.55344
16.13002
57.63472
30.64466
15.12341
23.65865
14.24198
37.64469
64.1538
41.18058
47.64515
47.74567
62.31763
37.37888
26.56574
7.704013
31.14137
43.06462
28.04882
23.73954
65.28737
14.39417
41.39473
61.28
18.64236
34.61158
56.69481
62.89771
54.79632
51.90144
58.76975
75.42503
72.45439
56.38494
25.65531
60.81876
21.27647
29.87683
39.4585
11.50944
79.06792
24.33015
6.656531
20.47824
16.77913
57.9063
51.92071
13.33853
24.18631
31.91443
24.4754
12.89709
40.58789
9.650284
72.86955
1.415386
35.35435
78.42733
31.13672
39.75555
58.16933
53.15684
29.43839
10.08515
54.83596
53.23539
24.21218
31.75288
63.67696
14.75538
66.34183
75.78767
58.25066
63.45911
54.09048
70.61886
21.96779
12.97951
17.14407
12.07186
67.28592
65.25339
43.04918
52.87531
77.45691
68.56483
44.96442
24.05049
19.42265
28.1267
6.080822
51.04017
61.01294
52.21
57.07638
17.25101
28.42763
59.80286
43.55696
23.36
7.845029
0.924326
15.45593
69.63067
54.38263
36.28356
43.11518
5.048624
73.76568
68.08751
16.05485
22.97579
15.82926
34.78082
37.6887
18.68375
56.04479
15.83461
76.80159
69.67851
54.96963
34.20968
57.58589
33.56405
26.73702
70.13358
74.6045
36.71619
57.71085
61.19629
67.83144
23.19981
54.3389
54.39763
25.70969
48.94301
22.57852
22.49202
9.633605
16.08683
25.06414
1.319428
27.81661
70.91391
24.08644
2.655564
16.11938
69.7891
38.48507
11.43256
15.19303
67.88109
5.319603
56.86976
17.29297
35.48722
65.07246
23.24297
10.98356
77.97858
19.29759
72.70762
77.9384
73.8578
27.51191
7.771136
55.34521
52.05109
67.49773
62.78571
34.88482
37.35066
55.41919
19.22306
27.63412
30.08805
44.70783
24.5509
7.593425
69.36532
17.34562
40.00807
43.43757
53.59055
21.32427
2.623716
74.37271
5.159002
23.71205
44.07125
25.32155
72.5091
41.3684
34.40554
57.14003
58.26957
61.25121
42.7528
60.08777
3.6002
75.29002
11.13713
55.05632
54.86638
35.07152
48.81744
39.6912
40.01741
0.6948693
71.12508
51.81389
25.94047
70.03011
62.41298
56.96472
0.4250374
75.50413
53.42223
62.76075
13.1404
69.57398
10.40539
62.26511
56.07698
5.920987
31.85529
34.73975
53.91356
3.546777
11.06633
32.05683
62.41626
10.76319
11.82938
59.3438
10.20033
18.82284
5.478282
33.97255
12.13575
33.21407
6.257325
36.43341
18.99708
73.7009
3.976027
45.22715
71.34022
55.31859
3.564183
65.12818
61.85298
44.09603
41.34381
24.28218
77.49789
18.88448
76.18789
3.835165
15.74733
9.550517
46.40537
64.01268
39.15048
65.90572
52.5964
24.11893
35.62629
49.61181
53.93448
34.84236
58.98444
58.83246
72.47226
38.77739
75.43688
50.21116
29.3829
79.42596
6.926324
74.99959
49.15187
32.08358
21.80292
21.9648
15.61764
58.37659
13.64991
34.29294
72.06077
30.00574
60.91399
3.296234
44.14291
36.30765
27.4097
35.3854
62.16587
12.02166
35.52304
6.957065
26.74127
39.12263
65.64646
59.95945
46.39113
19.95891
14.17495
58.4848
48.16873
14.23491
50.67387
34.71349
70.03492
70.08392
65.44632
7.516403
65.94296
43.28379
25.72955
47.67288
41.01426
4.489316
17.69788
69.62332
15.15452
76.83924
27.92993
47.80764
41.75422
10.56859
65.9123
16.05228
35.22936
38.64098
71.43042
50.81972
51.50176
47.21144
39.63913
26.64628
65.03606
37.51492
51.77922
27.49668
79.94276
53.81031
46.06157
77.11828
7.58518
54.56084
6.849496
44.39919
45.21863
73.62253
0.1206592
15.9924
55.75189
29.03436
43.79989
53.27029
22.75223
5.072209
78.75965
44.15683
69.11692
0.900088
19.88887
68.26936
10.94727
2.766415
6.373413
6.921329
59.94211
49.30094
73.29961
45.41956
41.99618
4.66899
39.51579
76.15727
6.790935
64.70844
20.97032
22.99655
13.52394
19.33223
67.71626
59.95404
59.62954
2.492044
46.4609
59.59369
58.94296
34.45624
71.5048
16.69001
70.9284
51.25064
57.91675
61.04065
67.27858
20.41471
73.44481
15.33262
39.07028
76.87327
48.02773
23.87874
42.83126
26.67178
50.94088
48.49297
35.3524
46.56369
69.78388
79.72011
79.67386
8.172217
68.25622
8.198155
16.76461
76.72519
20.96921
30.59752
44.51933
14.57022
35.01587
76.3117
43.74802
6.709717
4.926851
5.79978
10.74614
51.95962
66.10401
67.07806
60.93315
0.09163056
32.34605
24.62096
39.25387
0.1379826
69.12408
42.45629
12.59316
0.7507179
65.29652
12.94416
67.38778
47.47641
56.39528
78.13141
74.63239
1.273536
4.55019
18.70292
19.94176
32.3678
3.919973
43.21705
41.68788
49.91226
76.42505
74.90212
27.98871
60.56368
73.15871
19.79998
3.369631
39.15607
72.35391
18.66556
30.99482
11.46201
68.112
31.1874
32.10447
17.54648
27.73517
48.37169
36.80187
69.99837
69.93355
64.52244
67.27363
27.46853
50.19684
3.578429
39.00821
79.48717
60.75395
31.63305
73.58996
20.82959
19.98924
49.04413
56.15751
3.159868
66.0328
62.33096
47.01055
1.216877
73.13897
49.29054
74.38478
20.67934
79.87716
39.21476
8.543207
29.2612
59.40981
22.79848
6.81092
10.87969
16.96501
30.89362
63.03368
57.11963
57.29007
17.02661
42.33204
9.651154
17.74595
15.16838
49.39796
32.80944
74.04353
34.57296
55.9962
9.664006
64.44682
43.8353
3.678513
57.39896
21.83566
26.15273
42.87426
75.10488
5.568696
65.14663
30.80686
7.116096
18.32045
45.30101
34.66548
11.76291
1.218104
31.68687
63.86291
45.31664
55.23026
37.65026
19.82743
2.093091
19.28212
28.63167
13.34237
79.0376
52.40312
32.19706
62.0492
8.827146
0.6398752
60.92408
35.8162
16.99523
21.95057
44.89605
5.950049
4.85767
32.2443
59.38974
28.3667
4.437967
12.82754
26.93039
9.308843
47.86307
1.708481
69.33729
62.51316
79.71601
17.37656
79.88001
51.87103
34.14906
12.26055
32.57326
4.685564
25.79356
26.65178
17.48396
43.40598
18.86787
8.687632
70.49563
73.76772
60.63769
61.4242
3.881617
76.44087
70.23636
29.28844
44.3745
38.88713
71.16865
44.09405
45.97385
57.63336
17.46975
62.74755
51.4981
70.5326
8.171472
35.62037
72.96328
69.3262
50.62856
17.45287
48.04334
1.738587
58.46406
12.05853
52.31618
54.95913
35.81992
59.79433
42.39184
20.75691
42.97683
31.79795
37.28741
37.03522
13.12091
24.05862
65.35269
65.44385
16.46543
19.97475
67.5166
26.16387
45.79674
35.52794
68.6033
15.15268
9.034325
67.58058
58.60856
74.41941
39.14875
50.33056
43.20063
61.87325
77.40517
9.641448
54.83564
18.6064
32.45585
50.667
67.10218
24.4791
57.55343
27.45566
53.61437
17.2208
45.54103
29.20401
26.37321
43.36318
45.38906
17.40976
30.20337
76.17896
43.66064
32.57768
6.79916
63.26789
16.44371
64.30523
31.28585
23.70852
45.92429
51.77282
4.971346
17.93961
70.02456
4.41411
51.56291
1.535847
22.0331
50.24438
19.22702
70.40327
79.12999
30.80607
50.47634
21.04444
33.10335
44.18272
0.04184918
57.31591
75.19959
52.63875
10.82519
9.031502
69.24072
65.20101
69.19691
64.25021
26.16988
61.17463
69.02071
6.961204
38.38609
11.88114
32.07977
52.84365
53.99026
57.025
3.185782
11.38205
32.26652
27.95804
10.77278
19.90027
31.02987
36.12538
33.6311
78.39777
46.21314
59.18704
26.49238
60.14296
32.62918
59.14392
65.6695
78.00683
41.14766
0.1726638
16.52661
58.89486
37.93643
43.15116
40.75577
66.02927
49.29361
74.02534
65.63686
59.10719
48.16484
63.15613
53.05002
17.59927
17.82487
11.5566
9.599798
9.61196
17.12836
55.19937
60.56912
51.99188
55.02337
51.28259
24.63065
24.29306
50.9632
72.55846
66.52553
17.57646
18.02585
79.63489
38.88253
17.14325
22.37088
59.43551
20.09715
20.8127
43.40947
0.914975
21.1248
54.00233
37.1742
44.20958
35.07019
67.36586
37.24912
72.0922
43.71585
34.30387
63.13727
59.877
47.58123
51.80412
41.87288
59.3288
61.31536
48.95381
69.43081
77.47112
10.10196
61.98231
72.73447
0.5792888
1.665886
72.34085
15.89172
3.315598
33.18238
68.91351
76.4896
76.54806
1.525226
34.22067
30.42073
57.22445
57.07147
68.97415
13.55087
67.17362
58.16134
49.03126
38.92531
28.33487
67.57204
49.93942
28.5259
24.57759
40.17831
55.07433
61.92633
40.92913
58.46959
30.65394
56.04841
76.05177
8.701611
39.37505
40.65539
78.86231
7.594776
6.142784
61.38879
19.31445
54.17644
14.13253
19.00795
66.98138
15.12229
24.05058
18.80744
22.56141
61.55946
47.73408
43.5488
0.5038863
4.854693
76.57875
68.88701
13.75445
17.55035
35.8416
33.43975
15.61657
2.313309
76.39172
15.76839
20.53547
53.1837
27.17556
69.92511
70.93179
20.09217
29.34698
76.7552
12.24864
56.17026
36.75989
16.30201
19.98494
21.22915
27.80871
21.60882
66.13008
7.068129
69.23694
62.04272
22.6344
75.57919
46.73505
42.13292
8.025439
52.94004
61.76902
21.30342
39.09531
68.25425
7.171341
76.4663
5.601351
34.7762
0.01068795
58.07212
54.7823
17.42782
36.44067
22.81365
26.27391
73.98452
55.58834
59.66487
41.59757
3.909316
12.57944
12.28554
27.48739
61.31953
57.41397
66.16113
32.21917
25.89043
62.73881
54.48493
2.204314
3.55827
31.00281
51.8844
47.7436
41.15678
34.33052
10.16078
25.25997
28.91217
9.517497
59.0111
59.59673
24.94496
50.23931
73.69019
2.87451
36.46313
56.86817
16.54308
15.93181
23.11182
39.32987
67.66569
50.04629
79.13084
10.62142
9.060486
6.16429
35.25544
57.03897
76.82687
34.79632
37.42973
21.12783
66.3248
64.31758
57.2031
42.48282
51.63192
7.683577
29.06895
61.73754
34.40183
79.28074
1.343438
18.67626
22.73394
10.91384
26.53134
31.77761
76.75543
14.04446
52.66984
25.77166
76.91151
22.22843
14.82793
9.491517
30.19585
45.09471
24.79514
31.83306
52.88207
63.30933
57.87034
30.33901
60.40172
25.51941
66.05829
14.12305
78.23052
36.96356
46.778
41.84464
33.85988
26.90331
0.9563691
3.248068
27.30183
60.65223
50.47502
58.83489
61.15917
61.41039
44.34172
16.26156
27.84515
3.780738
54.59114
37.14583
27.69398
7.10953
44.2016
27.92682
3.760763
55.78235
37.70751
18.9848
76.97093
43.61072
72.71081
74.43291
1.114701
28.20967
21.05419
59.80314
58.97025
70.04397
7.070312
0.8303037
45.70062
24.18865
45.02188
45.59312
36.16465
65.18003
12.58193
76.19255
53.19709
60.42415
66.9366
57.79436
34.16303
43.63807
7.136214
57.95563
72.10373
75.9447
50.4895
29.04691
26.89791
26.385
63.4278
55.53874
24.28831
26.5794
16.66967
46.69021
74.82987
74.62378
4.30212
76.69705
70.61499
73.12012
28.86557
60.22684
55.08842
16.26544
45.04987
26.09492
19.58963
32.39048
3.732337
76.82073
40.58188
14.25764
15.81058
26.36924
47.24403
45.83975
29.18374
74.75816
62.03866
8.035066
69.08605
74.23762
1.672192
14.19063
76.98742
19.5916
11.01281
56.71995
15.36229
45.8904
9.447983
27.07466
69.57417
18.49829
10.01242
74.03957
68.33763
8.548369
41.39803
76.61866
40.61142
44.43425
3.025405
31.60316
9.693923
51.0004
28.59993
36.01073
37.12237
4.208804
69.13263
69.7967
36.00383
52.15252
44.61336
38.55531
4.392413
49.51304
3.519836
32.84543
65.92312
23.1646
62.83207
55.60108
39.59038
28.80463
72.96899
35.74296
74.99027
23.91881
29.62252
